(molecules:{"1jfwpm":[[-0.5229398,0.84538007,-0.108932525,0,0.29506314,0.059642583,-0.95361435,0,-0.7996696,-0.5308249,-0.28063002,0,-12.94994,425.569,144.7343,1],[0.8949303,-0.44256222,0.05690974,0,0.29402417,0.6808272,0.6708386,0,-0.33563346,-0.5836209,0.7394168,0,-128.3303,-215.8513,60.51697,1],[-0.49664012,0.8675885,0.025276184,0,-0.80452645,-0.44922236,-0.38850558,0,-0.32570833,-0.21328281,0.92109966,0,-84.15714,224.386,23.87317,1],[-0.3659166,0.7686505,0.52467257,0,0.48346812,-0.32472408,0.8129039,0,0.7952128,0.55111754,-0.2527961,0,123.5121,-153.7127,-18.60144,1],[0.2856778,0.4877775,-0.82490075,0,0.8692589,0.23049371,0.4373346,0,0.40345648,-0.8419891,-0.35815796,0,62.99477,394.5538,41.47133,1],[-0.34854046,-0.6377477,-0.6868749,0,-0.8319245,0.5480691,-0.086726844,0,0.4317649,0.54120034,-0.7215823,0,-118.4015,245.9685,262.8719,1],[0.17259124,-0.4431941,-0.8796541,0,0.8255816,-0.42200658,0.37460065,0,-0.53724056,-0.790879,0.29305825,0,-98.87839,116.2717,-286.3386,1],[-0.34335798,-0.16973458,-0.92374015,0,0.4103335,-0.911812,0.015020177,0,-0.8448267,-0.3738842,0.38272566,0,-115.2626,-411.3775,-144.1856,1],[0.658728,0.29401135,0.69255674,0,0.67627746,0.17203376,-0.7162774,0,-0.32973683,0.9401924,-0.0855098,0,-69.69643,-130.3482,-47.06066,1],[0.0068800747,-0.7271418,0.6864529,0,0.7065287,-0.48225734,-0.517924,0,0.7076511,0.48856208,0.51042855,0,-87.68875,295.9675,-209.4568,1],[0.16791922,0.36318558,0.91646016,0,-0.925299,-0.2626044,0.27360666,0,0.34003648,-0.89394355,0.29195896,0,-63.82201,361.2349,78.38882,1],[-0.4844969,0.26288465,-0.8343587,0,0.42225674,0.90558755,0.040130228,0,0.7661345,-0.3328706,-0.54975915,0,-138.8726,-309.608,-108.3765,1],[0.048079997,-0.9987291,0.01511389,0,-0.8932141,-0.036218166,0.44817036,0,-0.4470534,-0.035047963,-0.89382035,0,-108.0788,229.5494,82.62072,1],[-0.87474406,0.44174498,0.19920863,0,0.025275677,0.45212412,-0.89159685,0,-0.48392546,-0.7748839,-0.4066583,0,-247.8682,241.6434,-131.7043,1],[-0.55962384,0.5505798,0.6194216,0,-0.8283391,-0.34816456,-0.4389029,0,-0.025990397,-0.75871164,0.6509079,0,56.18281,-346.0385,-36.27811,1],[-0.31765363,-0.8886638,0.33071566,0,0.91425306,-0.19454727,0.35537687,0,-0.25147074,0.41524455,0.8742622,0,-207.0989,-59.99979,-150.7217,1],[-0.9402628,-0.3243467,0.103464745,0,0.20414379,-0.29393384,0.93377095,0,-0.27245373,0.8991118,0.34258845,0,-96.64113,-169.8702,-267.4586,1],[0.98529506,-0.17079456,0.004760321,0,-0.17072739,-0.98524415,-0.012076907,0,0.00675275,0.0110866,-0.9999156,0,-196.7448,292.2363,103.4337,1],[-0.96119773,-0.14535597,-0.23445813,0,-0.2026946,-0.20436743,0.9576789,0,-0.18711995,0.96804214,0.16697463,0,-27.14203,-159.1687,-146.2927,1],[-0.6749539,0.67636263,-0.29490823,0,-0.40974855,-0.6759653,-0.612517,0,-0.6136313,-0.2925825,0.733384,0,-201.8208,-45.23428,34.97651,1],[-0.51026964,0.3125524,0.801209,0,0.7613959,-0.26899102,0.58984745,0,0.39987627,0.9110185,-0.10071817,0,-102.9963,-336.7628,-209.2024,1],[0.64475745,0.5822123,-0.4952946,0,-0.76419735,0.4765275,-0.43465382,0,-0.017039329,0.65874904,0.7521698,0,-50.89966,196.5606,266.6736,1],[-0.47018215,-0.80781585,0.35547465,0,0.10127711,0.35072708,0.93098515,0,-0.8767392,0.47373408,-0.08309239,0,-134.4427,-2.487114,-88.758,1],[-0.12284522,-0.9543767,-0.2721657,0,-0.021874338,-0.27157235,0.9621694,0,-0.99218476,0.12415138,0.012484968,0,0.05352217,59.59986,113.5732,1],[0.8745395,0.15724893,-0.45875216,0,-0.48315686,0.20114946,-0.85211414,0,-0.041716263,0.96685666,0.25188905,0,113.0794,123.5864,-28.71563,1],[0.8719794,0.35546505,0.33659512,0,0.46012664,-0.8298623,-0.31561336,0,0.1671381,0.4300848,-0.8871818,0,-109.2889,244.2414,-181.1691,1],[0.2739037,-0.2754963,-0.92145455,0,0.87221676,-0.33253556,0.35868916,0,-0.40523398,-0.9019544,0.14920974,0,-50.83263,226.8913,75.26913,1],[-0.12644967,0.39202774,-0.9112217,0,0.94560015,-0.22994182,-0.23014638,0,-0.2997517,-0.89075315,-0.34162533,0,-98.22073,235.4487,-93.83501,1],[-0.8850614,0.36919034,0.28348643,0,-0.41647124,-0.35608184,-0.8365149,0,-0.20788886,-0.85843104,0.46891153,0,-31.23785,-186.7524,-193.1512,1],[-0.45142645,-0.8921604,0.016249001,0,-0.29107904,0.130021,-0.9478226,0,0.84349704,-0.43260193,-0.31838414,0,-0.01907136,49.95708,35.11797,1],[-0.41551876,0.64589584,0.64043933,0,-0.73463404,0.17686534,-0.65500486,0,-0.5363365,-0.7426554,0.40100628,0,-63.53895,439.5632,72.77531,1],[0.23591372,-0.7098137,-0.6637087,0,0.7502202,-0.3010808,0.58865964,0,-0.6176686,-0.6368005,0.4614875,0,133.7852,148.1955,18.96603,1],[-0.33722907,-0.20549726,-0.91872036,0,0.8531052,0.34597275,-0.39053053,0,0.39810526,-0.9154635,0.05863875,0,-57.61122,-13.4117,-187.9979,1],[-0.16823545,-0.092926204,-0.981357,0,-0.65708107,-0.7315403,0.18191504,0,-0.7348069,0.67543566,0.062010974,0,66.66609,245.3019,176.076,1],[-0.1218642,0.92660403,0.35574427,0,-0.9830035,-0.16225624,0.08588852,0,0.13730639,-0.33923113,0.9306283,0,12.55375,187.9349,-216.2258,1],[0.44504035,0.066209435,0.8930595,0,-0.7682908,-0.4841206,0.4187557,0,0.46007407,-0.8724926,-0.16458507,0,-154.687,-260.652,-239.4669,1],[-0.026749253,0.99762833,0.06341866,0,-0.8252294,-0.057841837,0.5618279,0,0.5641638,-0.037306458,0.82481956,0,-207.9774,-210.5481,-73.50484,1],[-0.63186955,0.57162666,0.5234346,0,-0.7112951,-0.69593847,-0.098634616,0,0.30789608,-0.4346407,0.8463377,0,133.8847,-235.1584,-158.7822,1],[0.27256992,-0.8706524,-0.40947542,0,-0.858439,-0.02787409,-0.5121578,0,0.43449762,0.49110845,-0.7549995,0,-47.89545,-57.81457,-273.4811,1],[0.9184154,-0.38846594,0.074881725,0,-0.3762278,-0.9161445,-0.13831826,0,0.12233441,0.09886104,-0.9875529,0,-101.9982,-14.31361,-157.9937,1],[0.86575115,-0.22705838,0.446004,0,-0.48423406,-0.6052141,0.6318492,0,0.12646124,-0.76299447,-0.63391423,0,48.38274,30.38741,-250.7899,1],[0.99031365,-0.12541333,-0.059586987,0,0.09370599,0.28698364,0.95334136,0,-0.10246122,-0.94969046,0.2959558,0,-117.999,-367.2027,-152.3498,1],[-0.6936445,0.5688582,-0.4418796,0,0.6885589,0.70378697,-0.17484434,0,0.2115275,-0.42553997,-0.8798703,0,20.46144,202.4671,-45.21814,1],[0.53508204,-0.60394484,-0.59070957,0,-0.45097786,-0.7954684,0.40478253,0,-0.71435714,0.04980506,-0.6980067,0,36.52711,-173.3969,74.20869,1],[-0.801477,-0.1556049,-0.5774269,0,0.53364605,0.24971259,-0.808001,0,0.26991963,-0.95573574,-0.117100954,0,52.7564,-107.3986,-225.2324,1],[0.97319376,0.15143472,0.17309438,0,0.22680044,-0.75677526,-0.6130685,0,0.03815368,0.6358922,-0.7708343,0,-161.7897,-44.37764,-155.2307,1],[0.2884384,-0.77563846,0.5614163,0,0.79947793,-0.12756906,-0.58699334,0,0.52691394,0.6181514,0.58331,0,119.1961,175.755,-44.84867,1],[-0.84955204,0.15526973,-0.50413567,0,0.52734894,0.22675076,-0.8188329,0,-0.012826815,-0.9614965,-0.27451792,0,-177.295,330.7336,-97.68331,1],[-0.27058378,0.6290134,0.7287842,0,-0.95399916,-0.27672663,-0.11535919,0,0.12911156,-0.7264739,0.6749561,0,-221.2589,141.9814,-102.846,1],[0.82623863,0.1346721,-0.54698586,0,0.020318381,-0.9774957,-0.20997539,0,-0.56295407,0.16237587,-0.8103808,0,104.278,-271.7259,-202.0018,1],[0.6206079,0.37577873,0.68821245,0,-0.74313253,0.0018151253,0.669142,0,0.2502001,-0.92670774,0.28037983,0,116.4951,57.5065,-160.72,1],[0.8241992,0.35290927,0.44288898,0,0.002723962,0.7795954,-0.6262776,0,-0.56629336,0.517384,0.6415806,0,-204.9817,277.5102,22.43712,1],[0.0075773066,-0.8461959,-0.53281784,0,-0.7135411,0.36872345,-0.5957364,0,0.70057225,0.38470158,-0.6010017,0,-76.03024,352.4218,-94.09174,1],[0.77790797,0.25960517,0.572245,0,-0.62814456,0.34609658,0.6968871,0,-0.017136544,-0.90156657,0.43230087,0,-119.5034,178.713,275.5521,1]],"1f6u":[[-0.78538173,-0.2630381,0.5603451,0,-0.43378,-0.4119151,-0.80134946,0,0.44160002,-0.8724317,0.20940992,0,180.1035,-446.0022,66.18329,1],[-0.3393735,-0.80704236,-0.4832269,0,0.3697853,0.35789192,-0.85742176,0,0.8649187,-0.46967646,0.17697337,0,-50.25807,-252.2307,258.4915,1],[-0.8763668,-0.38974082,0.2829895,0,-0.16891414,0.7989316,0.577214,0,-0.4510532,0.45805034,-0.76599,0,-193.4992,-424.6041,-299.8034,1],[-0.5145856,-0.5413414,-0.66494465,0,-0.8572906,0.31039178,0.41074318,0,-0.015958935,0.78141326,-0.62380993,0,-59.37406,-389.5319,162.2276,1],[0.22192891,-0.78497255,-0.57841635,0,-0.5189545,-0.5973016,0.61148745,0,-0.8254899,0.16446501,-0.5399236,0,173.3225,-41.84755,-358.2411,1],[0.0666132,0.18098277,-0.98122776,0,-0.8473626,0.5294956,0.04013753,0,0.52682006,0.82878196,0.18862942,0,-308.2996,-98.93032,-233.0356,1],[0.24018267,0.5350782,0.80994046,0,0.9652439,-0.043081813,-0.25777543,0,-0.103036314,0.84370327,-0.5268285,0,-247.4616,374.4378,-310.0067,1],[-0.138681,-0.988227,0.064616844,0,0.98441136,-0.1446845,-0.10000473,0,0.10817641,0.04974079,0.99288666,0,-142.0714,438.5692,-289.7227,1],[0.716299,0.6005295,0.3553591,0,-0.6838725,0.70537347,0.18645833,0,-0.13868716,-0.37658024,0.9159439,0,40.32546,-347.8969,164.6193,1],[-0.73707235,0.33586767,0.58644444,0,0.59918404,0.726129,0.33721656,0,-0.31257415,0.59994125,-0.7364562,0,152.7659,247.5538,-25.16567,1],[-0.5925175,-0.6772843,0.4361293,0,-0.5559228,-0.04802385,-0.8298453,0,0.58298594,-0.7341522,-0.34806293,0,-100.9195,389.4641,-283.2249,1],[-0.45272323,-0.8409178,0.2964776,0,-0.088044256,-0.28871936,-0.953357,0,0.8872937,-0.45770994,0.056671977,0,189.3508,371.5992,-163.6158,1],[0.9076379,0.28688955,0.30641103,0,-0.06473047,-0.62558216,0.77746814,0,0.4147328,-0.7254937,-0.5492316,0,-252.5308,477.1703,-308.6912,1],[0.052781224,-0.97845435,0.19960248,0,-0.26952204,0.17850518,0.94630533,0,-0.96154666,-0.10374445,-0.25429332,0,-320.9506,-233.0992,-352.9712,1],[0.725901,0.67564577,0.12872675,0,-0.5317916,0.43264064,0.7280246,0,0.43619433,-0.59692955,0.673357,0,222.6265,220.0784,-182.255,1],[0.78489685,-0.45994306,0.4151981,0,-0.26433605,0.3574943,0.8957256,0,-0.5604137,-0.812804,0.15901661,0,-295.1367,492.7536,143.8916,1],[-0.7030689,0.14163242,0.6968746,0,0.49744034,0.79825276,0.33962545,0,-0.50818014,0.58543366,-0.6316804,0,204.3342,-183.7487,-315.2936,1],[-0.5433174,-0.7380608,-0.4000908,0,0.2823953,-0.6094659,0.74081326,0,-0.79060686,0.28951296,0.5395583,0,6.074559,491.7462,274.8017,1],[-0.32666135,-0.05275914,0.94366777,0,0.4712359,-0.87457925,0.11422719,0,0.81928575,0.48200375,0.31055325,0,-286.5983,-338.3632,-270.7556,1],[-0.08470388,-0.59575254,0.7986891,0,-0.95347303,-0.1842962,-0.23858818,0,0.28933486,-0.7817378,-0.5524233,0,-134.3418,430.9531,288.7346,1],[-0.7724656,0.14068073,0.61927867,0,-0.3664819,-0.8951443,-0.25378734,0,0.51864076,-0.42299634,0.743025,0,-202.2056,-269.8232,-165.2417,1],[-0.029323265,-0.8695448,0.49298263,0,-0.9391028,-0.14496832,-0.31156066,0,0.34238285,-0.47209737,-0.8123411,0,9.589952,-521.5171,242.1491,1],[0.22264414,0.12889218,0.96634173,0,0.95473623,-0.22938137,-0.18937501,0,0.19725183,0.9647647,-0.17412843,0,-289.0848,84.10143,345.1235,1],[0.14623031,-0.40125826,-0.90421706,0,0.63570213,-0.662218,0.39667392,0,-0.7579575,-0.63281846,0.1582444,0,184.3582,-326.1477,144.988,1],[0.7435694,-0.3715133,0.5559519,0,-0.6568771,-0.25046286,0.7111828,0,-0.124968514,-0.89400584,-0.43027505,0,-240.7828,-239.9694,-319.8947,1],[0.5835589,-0.7695444,-0.25934553,0,0.6504248,0.63413703,-0.4181118,0,0.4862163,0.075308114,0.8705872,0,-71.07874,265.7938,276.1785,1],[-0.14460906,-0.5495535,-0.8228481,0,0.5922141,-0.71427053,0.3729611,0,-0.79269826,-0.43336874,0.42874336,0,-330.2162,-387.3857,39.39386,1],[0.07629815,-0.55986905,-0.82506084,0,-0.015376002,0.82671386,-0.5624126,0,0.9969666,0.055597186,0.05446819,0,-221.7417,-360.1182,236.8519,1],[-0.89764863,-0.14444752,-0.41636753,0,0.43486214,-0.44372857,-0.7835815,0,-0.071567774,-0.8844433,0.46112707,0,-41.71273,-506.0685,-346.6335,1],[0.37459776,0.03101638,-0.9266685,0,-0.3385214,0.93502027,-0.10554842,0,0.86318004,0.3532353,0.36075613,0,-251.6807,426.0248,-299.7127,1],[-0.70976746,-0.6785862,-0.18907917,0,-0.20501967,0.45578378,-0.86615705,0,0.67394143,-0.5760052,-0.462624,0,114.2642,527.9559,-84.41012,1],[-0.24922572,-0.12232486,-0.9606889,0,0.31916127,0.9261981,-0.20073125,0,0.9143427,-0.3566421,-0.19179107,0,-218.2625,120.9642,-204.1631,1],[-0.5018092,0.8598205,-0.09432112,0,0.7027979,0.46885854,0.53502053,0,0.5042448,0.2021895,-0.83955747,0,108.7688,44.12248,311.3671,1],[-0.16345043,0.8180245,0.55147076,0,0.27381244,-0.49941176,0.82195795,0,0.94779265,0.28534892,-0.14235625,0,84.56097,495.9579,-188.8605,1],[0.9029181,-0.42562863,0.05982545,0,-0.33644494,-0.7865175,-0.5178755,0,0.2674764,0.4474712,-0.8533615,0,-11.13951,458.0468,-346.3401,1],[0.60615164,-0.7576828,0.24186173,0,-0.12210697,-0.38914293,-0.9130486,0,0.78592,0.5239129,-0.32839793,0,110.0609,161.907,-334.9293,1],[0.62961566,-0.73416555,-0.25413606,0,0.63867223,0.67536676,-0.36875138,0,0.4423596,0.06986198,0.8941126,0,146.0976,143.1764,-297.3171,1],[-0.11082032,0.9019127,0.4174593,0,0.78003454,-0.18135276,0.59888005,0,0.6158449,0.39200076,-0.6834254,0,215.3981,162.9675,308.9665,1],[-0.2968048,-0.90832746,-0.29469964,0,-0.120215386,0.34169132,-0.93209183,0,0.94734097,-0.24122193,-0.21061055,0,-290.0935,497.6829,185.2413,1],[0.15282714,-0.34399402,0.92645127,0,-0.07646091,0.9305378,0.35812435,0,-0.9852906,-0.12556842,0.11590933,0,-232.134,-119.4465,-333.4131,1],[0.8330158,-0.10419415,0.54334915,0,-0.19222285,-0.9754293,0.107648365,0,0.51878226,-0.19411689,-0.8325765,0,191.9605,310.5681,355.9924,1],[0.9794718,0.09624974,0.17711833,0,-0.12208455,0.9824146,0.14126845,0,-0.16040659,-0.15999188,0.97399807,0,212.1177,-407.2125,-258.459,1],[0.77692854,-0.5988935,0.19418652,0,-0.62798953,-0.75914216,0.17126676,0,0.044844627,-0.25500914,-0.96589816,0,203.6058,-156.1614,265.0566,1],[-0.37098187,-0.24375853,-0.896077,0,0.7001393,-0.7073247,-0.09744984,0,-0.61006325,-0.66353095,0.43306965,0,-275.1478,-180.5843,288.8978,1],[-0.65196073,0.6764627,-0.34255713,0,0.69137424,0.34482148,-0.6349014,0,-0.31136608,-0.650766,-0.6924989,0,-310.8511,29.96323,330.3639,1],[-0.73078245,-0.6326368,-0.2563745,0,0.5391654,-0.30461758,-0.7851808,0,0.41863808,-0.71202457,0.56370497,0,109.0738,-69.68796,272.0619,1],[-0.121427804,-0.073806286,0.98985267,0,0.7030213,-0.71039027,0.033272684,0,0.7007258,0.69992757,0.13814852,0,-65.37276,-69.41488,313.2336,1],[0.3857509,0.829665,0.40354955,0,0.3826893,0.2541116,-0.8882434,0,-0.839491,0.49707478,-0.2194801,0,58.03527,-276.3125,354.4518,1],[0.60600746,-0.14406146,-0.7823051,0,0.5060105,0.82864296,0.23938301,0,0.61376584,-0.5409224,0.57506037,0,97.42786,471.1621,-268.4023,1],[-0.733751,0.610685,-0.29778048,0,0.6794152,0.6581665,-0.32436362,0,-0.0020948648,-0.44031873,-0.89783907,0,218.5832,517.1092,-297.5008,1],[-0.696908,0.6833148,0.2177155,0,0.230247,-0.07432324,0.9702898,0,0.67919475,0.7263311,-0.1055347,0,-68.65049,332.8011,-350.521,1],[-0.24692622,-0.8576228,0.45112145,0,-0.95746225,0.2876574,0.022785455,0,-0.14930975,-0.42630544,-0.8921716,0,110.969,-252.9176,-358.8448,1],[-0.30736205,-0.9321117,-0.19156288,0,-0.88807875,0.2086623,0.40960497,0,-0.3418256,0.29601997,-0.8919234,0,-158.0784,416.8664,-321.4258,1],[-0.46730775,0.78310716,-0.4103253,0,-0.09430173,-0.5056229,-0.85758543,0,-0.8790511,-0.36206186,0.31012985,0,78.60408,-29.88347,282.8521,1],[-0.69515836,0.087735474,0.71348244,0,-0.6333055,-0.5443436,-0.5501037,0,0.34011596,-0.8342616,0.43396837,0,101.887,-452.1501,303.4027,1],[0.03994848,0.9915939,-0.1230676,0,0.8735121,0.025145544,0.48615247,0,0.4851604,-0.12692209,-0.86516476,0,-37.49631,410.9645,-283.4443,1],[-0.83846897,0.52942365,0.12915124,0,0.48616347,0.6196378,0.61619294,0,0.24620016,0.5794474,-0.7769336,0,59.62896,-79.8688,259.5425,1],[-0.33533946,-0.26403886,-0.9043399,0,0.41562504,-0.90291977,0.109505765,0,-0.8454603,-0.33914474,0.41252583,0,11.87508,306.2687,-330.7531,1],[-0.43867138,0.18594918,-0.8791986,0,-0.8066406,0.34976125,0.4764429,0,0.3961038,0.9181992,-0.0034360588,0,-192.4102,37.73957,84.43884,1],[0.3574738,-0.4292682,-0.8294223,0,-0.6685575,-0.7377371,0.093674004,0,-0.6521068,0.52103055,-0.55071217,0,-1.176441,-249.319,-233.3726,1],[0.5220659,0.3853969,-0.7608655,0,-0.53111744,-0.55111146,-0.6435762,0,-0.66735405,0.7400982,-0.08302547,0,129.338,-295.5145,-95.07162,1],[0.48264205,0.84860593,0.21662097,0,-0.6377079,0.17097269,0.75106394,0,0.600321,-0.50063586,0.6236813,0,-33.1551,46.67385,61.70428,1],[0.99751925,0.018476706,-0.06792608,0,0.05941159,0.29658702,0.953156,0,0.037757177,-0.9548271,0.29475358,0,-45.98441,251.6577,-218.7868,1],[-0.32686025,0.8206174,-0.4687744,0,-0.070483565,-0.51580507,-0.8538016,0,-0.9424406,-0.24603295,0.2264362,0,79.22159,381.2785,-12.1694,1],[0.2663474,0.35446903,0.89633185,0,-0.8453431,-0.36087418,0.39390957,0,0.4630918,-0.86262476,0.20353007,0,-128.0994,336.953,-1.593268,1],[-0.89588773,0.07071853,0.43861586,0,0.4432062,0.21086589,0.87126553,0,-0.030874535,0.9749534,-0.22025505,0,-35.08948,-162.3204,-275.9233,1],[0.38745123,-0.44524273,-0.8072424,0,0.7673367,0.64107555,0.014706075,0,0.5109556,-0.6251247,0.5900367,0,-94.35621,-190.2392,-219.7608,1],[-0.44260654,-0.2885788,-0.84901214,0,0.74801093,-0.64098966,-0.1720806,0,-0.49454919,-0.71123445,0.49956638,0,54.54155,-167.8916,-223.8548,1],[-0.59708,-0.70468765,-0.38328898,0,-0.5646773,0.70859313,-0.42312527,0,0.5697672,-0.036205053,-0.8210081,0,60.94711,87.79732,93.24618,1],[0.495023,-0.85616475,-0.14810126,0,-0.757525,-0.5087506,0.40905815,0,-0.4255678,-0.090302795,-0.9004096,0,49.23713,-232.0374,-185.8307,1],[0.51656383,-0.07044305,0.8533461,0,0.19898511,-0.95944923,-0.19965526,0,0.8328066,0.27293786,-0.48159963,0,-239.8898,-23.8073,-55.28632,1],[0.22482218,0.18618128,0.9564473,0,-0.8436141,0.5283996,0.09544182,0,-0.48761684,-0.8283299,0.27586108,0,-35.17427,-368.9014,-221.1358,1],[0.3852324,0.8889999,0.24753805,0,0.711283,-0.11514491,-0.6934104,0,-0.5879391,0.4431938,-0.67668813,0,-103.914,-168.0853,82.87347,1],[0.43178904,0.8984946,-0.07915622,0,0.5417539,-0.32851073,-0.77368176,0,-0.72115254,0.29118416,-0.6286102,0,120.7373,87.12267,84.29196,1],[-0.91220856,0.04659444,0.4070683,0,0.35393858,-0.41088325,0.84018004,0,0.20640528,0.9104966,0.35831964,0,-122.3165,-211.7521,-236.0659,1],[0.5090881,0.29017845,0.8103246,0,0.48287305,0.68305475,-0.5479689,0,-0.7125048,0.6702483,0.20761566,0,56.87411,412.3589,117.5971,1],[-0.11624947,-0.3047585,0.94530857,0,-0.360788,-0.87379086,-0.32606983,0,0.9253745,-0.37896144,-0.008375496,0,68.48177,114.8338,152.0733,1],[-0.33001912,-0.6799843,-0.65475875,0,-0.83412343,0.53480583,-0.13498534,0,0.4419567,0.5016018,-0.74368685,0,-173.4666,-21.62765,-115.6762,1],[0.5510409,0.5368249,0.63888407,0,0.8091597,-0.53089297,-0.25181955,0,0.20399603,0.65572214,-0.72692084,0,-87.51267,149.5834,182.0678,1],[0.27337998,-0.10181576,-0.9565025,0,-0.9614125,0.0029323995,-0.2750954,0,0.030813873,0.99479896,-0.09708527,0,123.0693,392.3543,60.38969,1],[-0.021270722,0.9413018,-0.3368953,0,-0.5897522,-0.2839135,-0.7560327,0,-0.8073041,0.18260336,0.56117386,0,37.25507,-62.47218,-23.06086,1],[0.54125774,-0.61459136,0.5738617,0,0.787411,0.1310337,-0.60234046,0,0.29499802,0.7778865,0.55485904,0,-97.31973,-20.61031,-234.45,1],[-0.22137728,-0.19177763,0.95614505,0,-0.15044676,-0.96201766,-0.22778864,0,0.96351326,-0.19427617,0.18411657,0,2.891685,98.32536,40.16836,1],[0.91359425,0.11191536,-0.3909227,0,0.20556626,-0.9565973,0.2065529,0,-0.35083917,-0.26906604,-0.89694786,0,7.697467,-356.3311,-4.459076,1],[-0.08989146,0.8542146,0.5120908,0,0.6233049,-0.35277876,0.6978812,0,0.776795,0.38192227,-0.5007243,0,15.02388,-342.3528,-208.5914,1],[-0.55834365,0.5527435,0.61864954,0,0.43492085,0.83004636,-0.3490949,0,-0.70646757,0.074148625,-0.7038507,0,-176.2416,114.3073,62.33466,1],[-0.8676727,-0.49713486,0.0010237694,0,-0.29725474,0.52046096,0.8004749,0,-0.39847678,0.6942458,-0.5993655,0,-1.334252,379.8001,173.9486,1],[-0.853281,0.3175034,-0.41364604,0,0.5172904,0.41539282,-0.74823755,0,-0.06574239,-0.8524321,-0.51868826,0,-135.8866,294.9419,109.9077,1],[0.30110836,-0.07185164,0.9508791,0,0.7207147,-0.63580394,-0.27626723,0,0.624423,0.76849896,-0.13966134,0,-150.2166,102.561,-211.2927,1],[-0.37256575,-0.50238854,0.78025687,0,0.24264924,-0.8642758,-0.44062346,0,0.8957212,0.02516751,0.44390368,0,-96.06815,-95.83866,28.66206,1],[-0.3123189,-0.74879724,-0.58460206,0,-0.5293291,-0.373831,0.7616174,0,-0.7888394,0.5473144,-0.27960563,0,131.325,48.42104,-2.967776,1],[-0.59686965,-0.7972291,0.09040199,0,-0.70346624,0.46579942,-0.5368112,0,0.38585228,-0.38400102,-0.8388452,0,-188.1224,356.4554,123.7906,1],[-0.32565677,-0.8721763,0.36504304,0,-0.93691456,0.34955806,-0.00064751506,0,-0.12703897,-0.34222502,-0.9309905,0,-212.8503,0.2575547,22.43652,1],[-0.8260702,-0.4422942,0.34926188,0,0.09746209,-0.72251374,-0.68445235,0,0.5550758,-0.53136593,0.639954,0,-30.53509,244.9449,243.3638,1],[0.4639972,0.62256,-0.6301789,0,0.88583624,-0.32545942,0.33071166,0,0.000790149,-0.71168464,-0.7024985,0,-118.1491,-272.7176,39.79595,1],[-0.93548125,0.3431893,-0.084239066,0,-0.35334462,-0.9052155,0.23607785,0,0.0047648773,0.25061178,0.9680761,0,-115.665,231.0559,127.0436,1],[0.42944154,-0.2008954,-0.88046616,0,-0.42001024,0.81865823,-0.39164996,0,0.7994817,0.53799564,0.2671878,0,-159.7918,199.55,295.249,1],[-0.54366755,0.83910644,0.018054247,0,-0.54062665,-0.3336627,-0.7722643,0,-0.64198786,-0.42961568,0.6350448,0,-67.37395,172.7512,34.42255,1],[-0.24441797,-0.34715196,-0.90539795,0,-0.6210387,0.7731275,-0.12878285,0,0.74469525,0.53081024,-0.40456098,0,-175.8365,-202.7102,-126.7066,1],[-0.9055728,-0.26306564,-0.33276767,0,-0.40269363,0.7797032,0.47947946,0,0.13332546,0.568207,-0.81201285,0,-153.2745,178.9001,127.9259,1],[0.7377434,0.6748979,-0.015741423,0,0.4575378,-0.5170164,-0.72343165,0,-0.49638104,0.5265046,-0.69021666,0,-172.8132,-255.5808,-135.4664,1],[-0.60519916,-0.7770735,0.1728891,0,0.68182147,-0.39386672,0.6164321,0,-0.41091776,0.49094367,0.76819324,0,123.9745,-22.0703,-105.3959,1],[0.38934416,0.63809025,0.66426784,0,-0.3577914,0.7693129,-0.5292852,0,-0.8487616,-0.03159526,0.52783066,0,64.6365,-82.23524,-55.35278,1],[0.016732752,-0.053524375,-0.9984264,0,-0.9726554,-0.23222128,-0.0038517714,0,-0.2316497,0.9711892,-0.05594647,0,-105.7747,295.2978,206.2485,1],[-0.6187898,0.041756704,-0.784446,0,-0.53282803,-0.756074,0.38006103,0,-0.57722914,0.6531527,0.49010003,0,-6.377888,53.88578,-214.4397,1],[-0.93507606,-0.071463466,-0.34716853,0,0.038341284,0.95332325,-0.29950812,0,0.35236767,-0.29337373,-0.88868964,0,-177.4601,65.1268,-219.0284,1],[0.4444216,-0.87189424,-0.20564453,0,-0.6147289,-0.46380788,0.63795805,0,-0.65161157,-0.15710673,-0.74210495,0,-62.50122,-281.7216,-124.8328,1],[0.22172824,0.9366269,-0.27123156,0,-0.46020985,-0.14471102,-0.875937,0,-0.85967636,0.31904343,0.39895847,0,-67.41181,147.151,-36.36824,1],[0.29029864,0.43622857,-0.8517227,0,-0.7914416,-0.39086398,-0.46994224,0,-0.53790987,0.8105123,0.23178217,0,30.72903,-395.2683,-39.61058,1],[0.56380063,0.72980756,0.3866648,0,-0.8120273,0.40434104,0.42085624,0,0.15079963,-0.5512614,0.8205914,0,50.06266,-340.5916,-245.5858,1],[-0.40722793,-0.5373118,-0.73855364,0,-0.020075142,0.8137119,-0.5809217,0,0.91310596,-0.221741,-0.34215283,0,-74.54147,-213.5971,91.91077,1],[-0.057709217,0.946501,0.3174982,0,0.82244897,-0.13520002,0.55253804,0,0.5659037,0.29301265,-0.77064663,0,-204.9937,79.57222,50.89668,1],[0.5278516,-0.8404136,0.12279096,0,-0.3078719,-0.0545879,0.9498605,0,-0.7915728,-0.5391893,-0.2875541,0,36.10377,399.1395,174.335,1],[-0.82628286,-0.25569332,-0.5018737,0,0.14134337,-0.95664006,0.25467935,0,-0.54523236,0.13950068,0.82659596,0,-58.87595,265.5392,-134.8556,1],[-0.5534068,0.14004657,0.8210528,0,-0.7273631,-0.56154394,-0.39447576,0,0.40581235,-0.81550914,0.41262698,0,-7.34746,57.49383,-272.3145,1],[0.9307644,0.15366375,0.33176064,0,0.36362487,-0.4837052,-0.7961194,0,0.03813967,0.861636,-0.50609154,0,-6.240187,-241.4915,-194.5699,1],[0.050513566,0.52112323,0.85198534,0,-0.6799635,-0.60688,0.41151717,0,0.73150396,-0.6001061,0.32368913,0,98.93537,230.887,17.44256,1],[-0.8177602,-0.11435467,-0.5640845,0,0.34294048,0.69028324,-0.6371035,0,0.46223384,-0.7144453,-0.5252693,0,92.98464,105.3812,-173.9215,1],[-0.29179764,-0.39125907,-0.8727947,0,0.19004011,-0.91803014,0.3480021,0,-0.9374108,-0.06431982,0.34223396,0,-213.0198,-25.54637,-99.36242,1],[-0.96187514,0.024120167,0.27242288,0,0.22985403,0.61107165,0.75746846,0,-0.14819962,0.7912077,-0.59331876,0,-173.7349,-226.0678,-203.1724,1],[0.9795658,0.07375634,0.18711166,0,-0.16767295,0.8132536,0.55722916,0,-0.11107005,-0.57721627,0.80900234,0,-39.45423,389.8427,-86.19173,1],[-0.78099954,-0.20005444,0.591623,0,-0.615852,0.08931407,-0.78278303,0,0.10375893,-0.9757055,-0.1929582,0,-94.97132,373.2974,-42.36703,1],[-0.27331364,-0.82225055,0.4992028,0,-0.6683391,0.53556556,0.5162288,0,-0.69182533,-0.1925444,-0.6959196,0,-54.07364,-69.03619,-145.2751,1],[0.18132907,-0.9442333,-0.2748511,0,0.21647981,-0.2343036,0.94775426,0,-0.9592998,-0.23135507,0.16192138,0,-16.36196,352.3087,133.2094,1],[0.17096683,-0.72688377,-0.66513956,0,-0.24784358,-0.6850995,0.684991,0,-0.9535954,0.047739834,-0.29728276,0,34.11605,-424.2389,-137.5539,1],[-0.917215,-0.00412691,0.39837116,0,-0.120575875,-0.9501731,-0.28745875,0,0.37970787,-0.31169543,0.8710154,0,-164.5252,235.2358,-161.1264,1],[-0.19907951,-0.9501538,0.23994792,0,-0.23608422,-0.19113803,-0.9527489,0,0.9511212,-0.24632072,-0.1862647,0,-127.003,-56.14609,122.8679,1],[0.39072263,0.83983606,-0.3768434,0,0.88629705,-0.2326592,0.40043348,0,0.24862243,-0.49045366,-0.83524954,0,-22.29261,-89.87024,-218.1514,1],[0.1072793,0.1931332,0.97529006,0,-0.9385756,-0.30392098,0.16342524,0,0.32797393,-0.9329157,0.14866568,0,-92.10004,278.3401,-43.30185,1],[0.40110442,-0.3473609,0.8476176,0,-0.9080561,-0.27261823,0.31798345,0,0.120620966,-0.8972289,-0.42477164,0,-233.2634,290.6994,156.7749,1],[-0.49407977,0.70803577,0.50454956,0,-0.8660523,-0.45181447,-0.21404853,0,0.07640879,-0.5427234,0.8364285,0,-232.1787,169.8353,-8.182377,1],[-0.7530953,0.6270423,-0.19916229,0,-0.57120395,-0.47295547,0.6708497,0,0.3264562,0.618976,0.7143495,0,-130.3032,-297.0182,0.6521879,1],[-0.13989456,-0.86585486,0.4803384,0,-0.883342,-0.110043004,-0.45562875,0,0.44736624,-0.488043,-0.7494516,0,115.5995,145.9602,82.61175,1],[-0.69358605,-0.38884526,0.6064138,0,0.4306051,-0.8986484,-0.08372742,0,0.5775098,0.2030527,0.79072875,0,139.7975,-136.6983,-91.12762,1],[0.041289687,0.8181912,-0.5734617,0,-0.9910482,0.10646787,0.080547675,0,0.12695865,0.56500244,0.815263,0,-16.33367,-54.62956,-50.5839,1],[0.08087367,-0.63648605,0.76703656,0,0.4219643,0.7190562,0.55218154,0,-0.9029982,0.27900505,0.3267271,0,-172.0655,184.9949,-208.8293,1],[0.7667598,-0.2391323,0.59573084,0,-0.535526,-0.7500022,0.38821232,0,0.35396534,-0.6166949,-0.70313305,0,58.86101,97.35188,-222.2388,1],[-0.40342638,0.9133146,0.055707455,0,0.11746344,0.11207116,-0.9867331,0,-0.907441,-0.39153063,-0.15249354,0,-64.80577,-406.4326,-212.8129,1],[-0.2807309,0.40565318,-0.86984813,0,0.9576604,0.17867984,-0.22574383,0,0.06385061,-0.8963923,-0.43863887,0,-167.776,-162.5709,-159.2537,1],[-0.6738312,-0.5564941,0.4860719,0,0.32837233,0.36377072,0.87168956,0,-0.66190875,0.7469841,-0.062382817,0,-200.3836,-110.9194,-83.77171,1],[0.78391635,0.33965212,-0.5197228,0,0.15658405,0.70187604,0.6948752,0,0.6007968,-0.6261043,0.49702796,0,48.6581,-115.1792,-173.1362,1],[0.6217506,-0.61081195,-0.49023968,0,0.09380031,-0.5633552,0.82087296,0,-0.77757806,-0.5563629,-0.29297212,0,-268.6236,107.9935,12.51296,1],[-0.97316784,-0.04410253,-0.22582968,0,-0.07090028,-0.87622905,0.47665033,0,-0.21890004,0.4798722,0.8495912,0,127.7008,-115.2637,-55.177,1],[0.13000603,0.4478139,-0.88462466,0,0.99119973,-0.036270157,0.12730789,0,0.024924755,-0.89339066,-0.44858843,0,46.98862,-317.6504,-101.3733,1],[0.40984178,-0.9071269,-0.09565768,0,-0.19041052,-0.18764119,0.9636049,0,-0.89206135,-0.37671137,-0.24962968,0,-46.17037,113.3234,88.62679,1],[0.22506544,-0.09960082,-0.96923953,0,0.81528926,-0.52545404,0.24331352,0,-0.53352505,-0.844972,-0.037058085,0,115.2701,237.7225,90.76427,1],[-0.4054097,0.67656964,0.61473274,0,-0.22975443,0.5754747,-0.7848832,0,-0.8847914,-0.45943683,-0.077858135,0,-15.09759,446.8347,1.228353,1],[0.41770595,-0.827449,-0.37529942,0,0.90856475,0.38295883,0.16689089,0,0.005630493,-0.41069517,0.91175526,0,-125.5249,381.2977,21.12233,1],[0.91620517,-0.071394265,-0.39429802,0,0.39982748,0.097630255,0.91137606,0,-0.026571617,-0.9926587,0.11799473,0,-148.0988,-303.1292,-163.6427,1],[0.5163847,0.6896273,0.5077016,0,-0.72101855,0.6699989,-0.17673081,0,-0.4620379,-0.27480114,0.8432113,0,-194.0799,270.2089,-127.0165,1],[-0.8669535,-0.37657034,-0.32647556,0,0.007892504,-0.66535306,0.7464871,0,-0.49832642,0.64459294,0.5798023,0,108.7392,206.5463,129.4165,1],[-0.6119719,0.73775417,-0.28497213,0,-0.7089396,-0.6714355,-0.21582165,0,-0.3505637,0.06995124,0.9339228,0,-170.0869,-166.7952,66.85484,1],[0.105068564,0.44726732,-0.8882073,0,-0.9928236,-0.0041159987,-0.11951658,0,-0.05711171,0.8943907,0.44362515,0,-167.3096,42.32744,-88.47502,1],[0.6762403,-0.33302987,-0.65710723,0,0.32678854,-0.6638094,0.6727302,0,-0.6602334,-0.6696625,-0.34006438,0,-98.1684,-210.0497,-105.5824,1],[0.6547808,-0.5073664,0.5602153,0,-0.56971085,-0.8183878,-0.0753046,0,0.49668044,-0.26985276,-0.8249169,0,-133.4091,112.4914,11.9881,1],[0.2525297,-0.95633626,-0.14713696,0,0.9603622,0.22917804,0.15868673,0,-0.11803734,-0.18137792,0.9763036,0,-81.53008,406.2909,-48.52068,1],[-0.043800436,-0.095860496,-0.9944306,0,-0.11895931,0.9888046,-0.0900785,0,0.9919326,0.1143513,-0.054713584,0,-89.14368,306.8099,68.1447,1],[-0.6047636,-0.7026706,0.3748536,0,0.053129286,-0.5052297,-0.86134803,0,0.794631,-0.50099623,0.3428769,0,-207.7864,328.1356,37.1203,1],[0.00395298,0.5618576,-0.8272247,0,-0.9646361,0.22016594,0.14492884,0,0.26355606,0.79739785,0.54285836,0,67.83707,298.194,34.04826,1],[0.55536497,-0.73215425,0.3943601,0,0.8130249,0.57770956,-0.07240328,0,-0.17481527,0.3608348,0.9160993,0,126.6816,-209.4696,-63.32862,1],[-0.93603945,0.31996334,-0.14647084,0,-0.16066141,-0.7588994,-0.6310782,0,-0.3130785,-0.5671819,0.7617655,0,-85.89482,-356.3098,-242.6225,1],[0.72509915,0.21710923,-0.653525,0,0.19045284,-0.9752099,-0.11266572,0,-0.66178477,-0.042771883,-0.74847287,0,112.4891,-39.42078,-52.34503,1],[-0.85652006,0.4228669,-0.29590017,0,0.31063655,-0.035470486,-0.94986665,0,-0.4121629,-0.9054973,-0.100976765,0,-143.9574,-44.0539,2.740823,1],[0.82480294,0.56277376,-0.054643437,0,0.56432194,-0.82536846,0.01754483,0,-0.035227194,-0.045307517,-0.9983519,0,-254.0944,-43.94894,-4.345324,1],[-0.28676876,-0.17578709,0.9417339,0,0.78278154,0.52371186,0.3361237,0,-0.55228335,0.83356166,-0.012581319,0,-138.5134,16.00781,60.25296,1],[0.43313405,-0.17242387,0.8846835,0,0.18630856,0.9774612,0.099290945,0,-0.88186395,0.12181782,0.45549574,0,96.43835,-201.9009,-183.3281,1],[-0.29909167,-0.4296003,0.8520493,0,0.766069,-0.64048445,-0.05401969,0,0.56893116,0.63657165,0.52066696,0,-123.8654,283.0452,-141.9875,1],[0.2613214,0.79676455,0.54486454,0,0.79077095,0.14698733,-0.59420204,0,-0.55352736,0.58614075,-0.59164727,0,67.40014,125.3005,-130.3684,1],[0.16545941,0.107483536,-0.980342,0,-0.64960253,0.7598178,-0.026332617,0,0.74205095,0.6411897,0.19554056,0,59.68379,-292.7197,10.19508,1],[-0.7357687,0.5721334,0.36236423,0,-0.55253077,-0.19773173,-0.8096987,0,-0.39160478,-0.7959683,0.46160614,0,-255.2695,214.4215,-91.84504,1],[-0.5678003,0.594054,-0.5698271,0,0.6824908,0.72676325,0.07759909,0,0.46022737,-0.34484094,-0.8180927,0,132.2306,-75.50255,-100.7095,1],[0.37328163,-0.8941529,0.2472875,0,0.77887666,0.44686404,0.44007218,0,-0.5039957,0.028335586,0.8632411,0,14.73902,119.306,212.2146,1],[0.19794542,-0.567067,-0.7995328,0,0.8389957,0.5197912,-0.16094536,0,0.5068569,-0.6389462,0.578657,0,-127.8338,111.6922,84.5867,1],[0.2607406,-0.9501492,-0.17096981,0,0.9279455,0.19780514,0.3158957,0,-0.26632938,-0.24101749,0.9332626,0,40.76969,311.5331,1.43411,1],[0.974351,-0.18901797,-0.12211654,0,-0.01645945,-0.6010652,0.7990304,0,-0.22443113,-0.7765261,-0.5887596,0,-171.5176,-294.687,-86.64013,1],[-0.7926983,-0.40656298,0.45424202,0,-0.17835832,0.86719996,0.4649219,0,-0.58293873,0.287525,-0.7599419,0,26.7067,-92.17764,-6.984742,1],[0.50965524,-0.1981905,0.8372407,0,-0.3704545,-0.9288335,0.0056352913,0,0.7765404,-0.31303167,-0.5468054,0,117.3964,124.1706,-79.33298,1],[-0.3722491,-0.80461514,0.46262842,0,-0.7086561,-0.07548848,-0.7015042,0,0.599364,-0.5889787,-0.54209495,0,-12.58809,260.4775,56.85164,1],[0.3573079,-0.5796869,-0.732321,0,-0.93349004,-0.24721518,-0.25977126,0,-0.030454904,0.77643275,-0.62946385,0,-124.6517,29.61089,-268.2408,1],[-0.2557833,0.69477874,0.67220354,0,-0.8752549,-0.46168405,0.14414187,0,0.4104923,-0.55148035,0.72619945,0,-108.6035,282.9434,-103.7354,1],[0.3768194,-0.7527237,-0.53982806,0,0.89935374,0.43682232,0.01868631,0,0.22174329,-0.49253774,0.841568,0,-89.94155,208.6685,-152.0012,1],[-0.17910483,-0.45239532,-0.8736475,0,0.4080211,-0.84219396,0.35246027,0,-0.895232,-0.29333925,0.33542785,0,-44.97871,-9.70027,175.9516,1],[0.7764611,-0.35013533,0.52393997,0,-0.39455003,0.37818447,0.83744043,0,-0.49136353,-0.8569606,0.15549967,0,76.68273,-87.67622,4.093358,1],[0.43640792,0.26262394,0.8605677,0,-0.81819,0.51374215,0.2581361,0,-0.37431717,-0.8167605,0.43907738,0,-210.1245,38.30821,16.22133,1],[-0.20422113,-0.8592353,0.46905074,0,-0.7598603,-0.162947,-0.6293335,0,0.61717594,-0.4849362,-0.6196215,0,-232.4803,97.73188,-70.21822,1],[0.7909027,0.571158,-0.21966216,0,0.50776285,-0.81286365,-0.28535897,0,-0.34154043,0.11415489,-0.93290883,0,-150.3802,324.131,-141.1067,1],[0.12584342,-0.8985606,-0.4204194,0,-0.98764485,-0.07358439,-0.13835849,0,0.09338719,0.43263656,-0.8967188,0,-213.9381,67.98391,196.4727,1],[-0.22187573,0.3498696,-0.91014415,0,0.6607721,-0.63245374,-0.40420586,0,-0.71704346,-0.69108135,-0.09085789,0,49.04356,1.101778,-47.96976,1],[0.44101152,0.7656295,-0.46831644,0,-0.7550742,0.59857345,0.26753077,0,0.48515123,0.23562953,0.8420849,0,-172.1168,224.0982,45.29231,1],[0.42154673,0.45524833,0.78424954,0,-0.8196235,0.561296,0.11473453,0,-0.38796353,-0.6911553,0.6097447,0,56.02733,-291.2137,-39.15284,1],[-0.09188798,-0.6597281,-0.7458653,0,0.21450852,-0.74456245,0.6321491,0,-0.97239,-0.10190758,0.20993367,0,-213.1904,315.3495,-118.4879,1],[-0.74339676,0.4511097,-0.49382308,0,-0.52300864,-0.8522822,0.008768603,0,-0.41692105,0.26479232,0.86951816,0,-93.11057,-223.4089,-173.5655,1],[0.7213384,0.41093212,0.55749965,0,-0.6830377,0.2889136,0.6708119,0,0.11458892,-0.8646755,0.48908657,0,55.38928,442.0238,-5.551945,1],[-0.9975293,-0.053160768,-0.045926575,0,0.022072528,-0.8578032,0.51350415,0,-0.06669424,0.51122177,0.85685724,0,7.44348,129.7686,-189.2242,1],[0.59461063,-0.7921067,-0.13785917,0,0.47963923,0.48707718,-0.72986436,0,0.6452785,0.36786246,0.6695468,0,131.4946,33.14622,-122.3921,1],[0.32383883,0.100598425,0.94074893,0,0.8269186,-0.51323533,-0.22977191,0,0.45971087,0.8523318,-0.24939224,0,-238.9998,51.59364,-7.625644,1],[0.716164,0.6954631,-0.058655165,0,0.6906335,-0.69404507,0.20329076,0,0.100671895,-0.18609872,-0.97736,0,13.60422,-108.6319,-133.6288,1],[0.8234767,0.40104127,-0.4013129,0,0.56553036,-0.63683,0.5240448,0,-0.04540445,-0.65849334,-0.7512157,0,-148.3649,148.3845,71.8505,1],[-0.715695,0.068460986,-0.69504964,0,0.14320356,0.9884246,-0.050099388,0,0.6835742,-0.13538945,-0.7172143,0,20.45581,-104.0117,-256.1642,1],[0.07863322,-0.9967663,0.016543388,0,-0.24529472,-0.03543012,-0.96880084,0,0.96625423,0.07212192,-0.24728751,0,-89.20004,-308.4688,63.08155,1],[0.9038382,0.40535456,-0.13698171,0,0.40886068,-0.9125926,-0.0027712286,0,-0.12613182,-0.05350169,-0.99056965,0,-57.11567,-203.2444,-144.1505,1],[-0.23378022,0.5473628,0.8035799,0,-0.9517174,0.040289044,-0.30432,0,-0.19894889,-0.8359251,0.511516,0,-224.0587,212.2431,161.4891,1],[-0.80135196,-0.2128703,-0.55903596,0,0.3291195,0.6234839,-0.7091883,0,0.49951512,-0.75229913,-0.42957032,0,-2.417032,-167.9362,112.1975,1],[-0.88451874,0.44558018,-0.13814884,0,0.2075606,0.110684544,-0.97194016,0,-0.4177863,-0.8883735,-0.1903874,0,-66.61367,265.8073,-99.85996,1],[0.93977314,-0.31676924,-0.12838912,0,0.26074058,0.9072781,-0.3299409,0,0.22099975,0.2765933,0.9352301,0,21.27141,-34.49895,-242.3974,1],[0.48535946,0.86529064,-0.12529153,0,-0.8029057,0.38439515,-0.45561227,0,-0.34607562,0.3217331,0.8813168,0,-64.52126,177.2542,236.4027,1],[-0.17539228,0.9809305,0.08374399,0,-0.3635469,0.014517933,-0.9314628,0,-0.91491604,-0.19381624,0.35406792,0,-85.71535,-151.9368,124.5296,1],[-0.52107644,0.83626467,-0.1707068,0,-0.60306495,-0.5022706,-0.6197071,0,-0.6039801,-0.21996753,0.76604325,0,-53.87624,413.6651,7.295914,1],[0.038472682,-0.7385596,0.67308956,0,0.9110315,0.30266324,0.2800296,0,-0.41053802,0.6024323,0.68449533,0,-76.206,39.40274,138.5904,1],[0.29186174,-0.8148273,-0.50087225,0,-0.047537714,0.5106675,-0.8584629,0,0.9552783,0.2743628,0.11030928,0,52.1466,246.1256,-43.15066,1],[-0.0061931014,-0.75180537,-0.6593558,0,-0.7891857,-0.40126675,0.46494168,0,-0.6141233,0.52323365,-0.590829,0,0.2077496,-286.5602,-137.5745,1],[0.42736116,0.37385276,-0.8231625,0,-0.6239016,0.78089774,0.030746654,0,0.6543005,0.50043255,0.56697273,0,-42.64461,252.293,-52.07487,1],[-0.3483844,0.7993765,0.48951554,0,-0.58912325,-0.59292716,0.54897285,0,0.72908306,-0.0971314,0.67749786,0,-103.2654,-275.7975,-238.598,1],[0.07264277,-0.9771143,0.1999267,0,0.17035183,-0.1853549,-0.96779335,0,0.982702,0.10436109,0.15298851,0,-253.8441,29.20972,51.76762,1],[0.72239816,-0.6757185,0.14678325,0,-0.6902494,-0.6920366,0.21128382,0,-0.041188996,-0.2539481,-0.9663403,0,119.3282,354.4005,125.6087,1],[0.5556489,0.73624533,-0.38626087,0,0.22999787,0.3103354,0.92238456,0,0.79897165,-0.6013611,0.003102664,0,47.98843,-12.76527,91.65233,1],[-0.56058633,0.8226458,0.094852954,0,0.43308413,0.38888013,-0.81314856,0,-0.7058196,-0.41476065,-0.5742756,0,13.77816,-247.7997,35.23423,1],[-0.9661659,-0.18775189,-0.17684157,0,0.20942426,-0.971276,-0.112980634,0,-0.15054964,-0.14619294,0.97773343,0,-99.00473,-108.8959,-258.5132,1],[0.3479671,0.9340131,-0.080860555,0,-0.6586784,0.30494148,0.68786144,0,0.6671294,-0.18609205,0.72132397,0,61.86937,-233.8645,16.4284,1],[-0.8279182,-0.41664076,0.375449,0,0.3385985,0.16234955,0.926819,0,-0.44710457,0.8944568,0.0066618025,0,-102.7349,256.9727,-238.8651,1],[0.11919153,0.25564957,0.9593938,0,0.032292448,-0.9667691,0.25360298,0,0.99234587,0.00075384974,-0.12348616,0,140.8415,-284.4827,-143.2049,1],[-0.1818003,-0.5126363,0.8391381,0,-0.29983762,-0.78382134,-0.543803,0,0.9365074,-0.3504687,-0.011208653,0,49.0909,67.05847,148.4573,1],[0.87837976,-0.010698408,-0.4778438,0,-0.45706275,0.27360687,-0.8463055,0,0.13979545,0.9617821,0.23544087,0,-167.8109,-112.3725,-164.5185,1],[0.704813,0.70652616,-0.063713074,0,-0.68414104,0.70072687,0.20231879,0,0.18758899,-0.099008195,0.977245,0,-5.236338,-283.7793,-221.5388,1],[0.08593596,-0.9666904,0.24109003,0,-0.9261751,-0.16669291,-0.33824977,0,0.36717084,-0.19422379,-0.90964967,0,-47.49981,104.6524,-140.1484,1],[0.5875779,-0.79173183,-0.16707107,0,-0.33293164,-0.048363395,-0.9417098,0,0.7375016,0.60895115,-0.2920099,0,75.03168,-61.72139,-87.44086,1],[-0.8739347,0.4854881,0.0232248,0,-0.044510156,-0.03235787,-0.9984847,0,-0.48400095,-0.8736442,0.049887836,0,-181.9869,64.702,96.88548,1],[0.9109274,-0.19730493,-0.36232919,0,0.32194087,-0.20926632,0.9233428,0,-0.25800335,-0.9577466,-0.12710588,0,-134.8758,-52.25211,-209.8403,1],[0.08148661,-0.93437815,0.34683913,0,0.9747869,0.14724508,0.16765851,0,-0.20772679,0.3244323,0.9228181,0,-100.6769,182.9598,15.71618,1],[0.75487167,0.10604739,0.6472423,0,0.39559895,0.7135026,-0.57828665,0,-0.5231348,0.6925806,0.49665073,0,-81.74699,410.3414,53.46008,1],[-0.36192313,-0.36653608,-0.8571248,0,0.5561529,-0.8228001,0.11702068,0,-0.74813473,-0.43433994,0.5016405,0,16.1743,-199.3061,-190.5483,1],[-0.23310162,0.97079426,0.056762755,0,0.9170825,0.23886953,-0.3192191,0,-0.323455,-0.02235435,-0.94597936,0,-54.2103,-142.5194,95.6611,1],[0.72551876,0.60569555,0.32673427,0,-0.6099327,0.34602016,0.712918,0,0.31875464,-0.7165213,0.62047774,0,-150.2953,242.8201,202.9715,1],[-0.6927643,-0.6772581,0.24778882,0,0.68232363,-0.5043079,0.5292524,0,-0.23347864,0.5357193,0.8114757,0,51.95258,-168.623,-148.7686,1],[0.6