(molecules:{"modbase_vif":[[0.25088125,0.925271,0.28448573,0,0.24233717,0.22449356,-0.94386184,0,-0.9371933,0.3057387,-0.16790634,0,325.7207,-108.7386,-456.7176,1],[-0.269257,-0.9170065,0.2942782,0,0.9002843,-0.34818673,-0.26125506,0,0.34203637,0.19458929,0.91931826,0,268.1715,524.5068,79.60682,1],[0.76916295,-0.2503881,-0.58795744,0,-0.6262476,-0.47858456,-0.6154434,0,-0.12728767,0.8415833,-0.52491444,0,168.0673,302.4117,-401.3666,1],[0.83424234,0.54322636,0.09457666,0,0.1603218,-0.40307713,0.9010138,0,0.52757615,-0.73650116,-0.42335504,0,269.3086,-91.77369,-382.2161,1],[0.66212785,-0.7421081,-0.10422175,0,0.5437492,0.38006163,0.748258,0,-0.51567763,-0.55211294,0.6551701,0,244.5235,-27.20518,-600.4446,1],[0.9277819,0.3717073,-0.032472357,0,0.2675359,-0.6020486,0.75230443,0,0.26008713,-0.70666194,-0.65801483,0,-225.0123,267.915,404.9267,1],[0.66203666,0.5086699,-0.5504203,0,0.70199615,-0.16363439,0.6931272,0,0.2625053,-0.8452684,-0.46541628,0,-518.8594,-129.6506,-207.3473,1],[-0.8920212,0.45082316,-0.03250532,0,0.33038023,0.69940406,0.63378453,0,0.3084591,0.55461013,-0.7728264,0,428.152,-332.3936,-324.2059,1],[0.040627614,-0.89460075,-0.44501543,0,-0.70416474,-0.34161663,0.62245464,0,-0.70887315,0.28807536,-0.6438255,0,-461.8119,-221.1784,-343.8606,1],[0.00062027574,-0.9158414,0.40153968,0,0.5754917,-0.32805535,-0.7491255,0,0.8178073,0.23154745,0.52685565,0,312.0073,-346.8736,-85.97289,1],[0.76964563,-0.52134734,-0.36856896,0,0.41924262,-0.022713058,0.90759027,0,-0.48154104,-0.8530425,0.20108998,0,361.3676,-38.70655,554.1873,1],[0.22534606,0.6955946,-0.68217844,0,-0.9725551,0.11897078,-0.1999566,0,-0.057929397,0.7085155,0.7033136,0,-278.2267,-227.3604,-308.1656,1],[0.44210398,0.63875985,0.6297062,0,-0.6288539,0.7213361,-0.29020163,0,-0.639599,-0.2676939,0.72059214,0,208.039,599.4839,58.90029,1],[0.9821789,-0.18464477,-0.035088763,0,-0.05143453,-0.44362524,0.89473546,0,-0.18077445,-0.87698543,-0.4452164,0,163.2791,-208.2816,-377.9225,1],[0.3720867,-0.53223616,-0.7604448,0,-0.8888832,-0.4402336,-0.12681177,0,-0.26727957,0.72313154,-0.6369008,0,-203.0203,101.005,226.4005,1],[-0.4637318,0.41073874,-0.78501374,0,-0.84843814,-0.46105555,0.2599628,0,-0.25515813,0.78658855,0.56229246,0,114.2593,-128.4144,237.7131,1],[-0.3849889,0.91790426,0.09610078,0,-0.14432493,0.04296902,-0.9885969,0,-0.9115666,-0.39446864,0.115933865,0,397.4953,-190.4433,-44.86172,1],[-0.6691078,0.027116865,0.7426704,0,-0.6210487,0.5284475,-0.57882786,0,-0.40815833,-0.8485327,-0.3367475,0,-142.8632,-382.4377,281.5759,1],[-0.2170358,0.09797394,-0.97123456,0,-0.72763664,-0.6794838,0.09405708,0,-0.650723,0.7271196,0.21876171,0,261.7693,112.4794,534.8516,1],[0.8360155,-0.2769974,0.47365662,0,-0.5206746,-0.12809864,0.8440905,0,-0.17313609,-0.9522937,-0.25131792,0,350.3705,300.2824,-77.17238,1],[0.31738332,0.1197193,-0.9407098,0,0.9273087,0.16837153,0.33428973,0,0.19840968,-0.9784264,-0.057578422,0,299.3305,83.33278,-520.8375,1],[-0.14796826,-0.44470274,0.88337135,0,-0.0031025857,0.89340794,0.44923562,0,-0.9889873,0.063731894,-0.13357577,0,403.4531,119.3973,183.1572,1],[0.46267176,0.28503576,0.8394577,0,0.36441258,0.80205923,-0.47318518,0,-0.80816954,0.52483845,0.2672196,0,60.47355,-0.8827763,-413.2203,1],[-0.39211792,-0.76537824,0.51033294,0,0.15590972,0.49144226,0.85684115,0,-0.9066067,0.41554862,-0.07337342,0,-510.7936,10.83767,-16.13222,1],[0.57072717,0.3418519,-0.74659747,0,0.14801072,0.8515008,0.50303,0,0.8076901,-0.3975973,0.4353769,0,21.16758,-83.31132,-667.7246,1],[0.46870595,0.24425273,0.8489143,0,-0.14480035,-0.92676896,0.3466011,0,0.87140566,-0.28537706,-0.39901417,0,-589.611,-192.7374,-65.18513,1],[0.111988574,0.5065849,-0.8548862,0,-0.84133863,0.5061245,0.18970329,0,0.5287796,0.6980041,0.4828896,0,-239.875,-492.1297,-176.832,1],[0.4370277,0.40096742,-0.8051286,0,0.51806223,-0.84395695,-0.13909793,0,-0.7352675,-0.35631704,-0.5765586,0,56.59877,107.4283,-432.4093,1],[0.95081985,-0.27473834,0.14303944,0,-0.24745652,-0.95151913,-0.18269236,0,0.18629736,0.13831149,-0.9727092,0,-435.8588,140.5332,305.5378,1],[0.6071936,0.558311,-0.56533605,0,0.6591091,0.043422688,0.7507927,0,0.44372422,-0.8284946,-0.34162188,0,667.4059,-101.1348,115.3741,1],[0.2838067,-0.91673845,-0.28114858,0,0.07050949,-0.2724589,0.9595804,0,-0.9562857,-0.29215896,-0.012686908,0,-8.030219,310.2029,515.3731,1],[-0.624306,0.5795921,0.52375096,0,-0.68663263,-0.08740926,-0.7217308,0,-0.3725288,-0.81020534,0.45253694,0,529.0595,46.78864,160.6094,1],[-0.6483711,-0.30514133,-0.6974981,0,-0.16260561,-0.83952004,0.5184259,0,-0.7437568,0.4495495,0.49470288,0,215.4172,-425.9258,-366.635,1],[-0.30226916,0.70623755,-0.6402044,0,-0.029031992,-0.6781304,-0.73436797,0,-0.95278037,-0.20339039,0.22548139,0,-504.7819,-295.6067,-8.339241,1],[0.46975064,0.65580636,-0.5909758,0,0.3091352,-0.7492471,-0.58571696,0,-0.82690376,0.0924495,-0.55469215,0,-16.6072,367.0917,-306.6502,1],[-0.05417689,-0.9128222,-0.40474725,0,-0.5714304,0.3607497,-0.73710704,0,0.8188602,0.19135073,-0.5411587,0,-59.7652,-138.3521,308.2023,1],[-0.6332642,-0.76854527,-0.091184705,0,0.63776195,-0.45146024,-0.6240539,0,0.4384474,-0.45334512,0.7760425,0,351.7604,263.4511,412.6399,1],[-0.12799576,-0.58474535,0.80105555,0,-0.69367653,-0.52448094,-0.49369293,0,0.70882297,-0.618864,-0.33849275,0,-317.4762,-27.15788,-274.3535,1],[-0.52554107,-0.8421117,0.12105349,0,-0.29921612,0.04975593,-0.952887,0,0.7964144,-0.5370025,-0.27812222,0,-517.3322,-329.2281,67.01168,1],[0.13586716,0.98546153,0.1020087,0,0.17846411,0.07693492,-0.9809341,0,-0.9745208,0.15148157,-0.16541658,0,464.7775,129.0337,12.02631,1],[-0.932125,-0.35822368,0.053095207,0,0.03417383,-0.23297343,-0.9718826,0,0.36052108,-0.9041015,0.22940221,0,309.335,200.9794,-13.5931,1],[0.114430614,0.1842142,0.97620213,0,0.8315377,0.5198973,-0.19558021,0,-0.5435535,0.83412933,-0.09368891,0,113.2823,426.3032,300.1924,1],[0.39968184,-0.066666156,0.9142265,0,-0.6765412,0.6514998,0.34327844,0,-0.6185034,-0.75571406,0.21529025,0,8.232775,-248.3279,-557.6858,1],[-0.5465342,-0.745432,-0.38161683,0,-0.8360628,0.5117841,0.19767651,0,0.047951028,0.42709264,-0.9029355,0,85.11279,-93.68419,-565.6271,1],[-0.4921226,0.7775132,0.39152074,0,-0.41533822,0.18555099,-0.8905419,0,-0.7650552,-0.6008694,0.23161712,0,397.1041,227.8518,-382.7425,1],[0.19437705,-0.30563787,0.9320961,0,-0.97961557,-0.109601095,0.16834798,0,0.050705224,-0.9458188,-0.32071155,0,4.940423,231.8463,421.0686,1],[-0.5611408,0.81629395,0.13705856,0,0.18005726,-0.04123819,0.9827913,0,0.8078987,0.5761627,-0.12383926,0,361.1824,306.5463,14.35198,1],[-0.61329365,0.45649597,0.6445792,0,-0.26203516,-0.8874461,0.3791793,0,0.74512315,0.06364584,0.66388303,0,547.6317,-250.1317,334.7603,1],[-0.17520979,0.7560613,-0.63061297,0,0.14694771,0.6534289,0.742588,0,0.9735029,0.03744155,-0.22558865,0,364.8313,-429.7535,-46.04781,1],[0.2897858,0.89635897,-0.33550674,0,0.94381535,-0.32581776,-0.05527582,0,-0.15886103,-0.30063823,-0.9404147,0,161.2928,215.0865,-425.343,1],[-0.5937736,0.32533526,-0.73592794,0,-0.33157617,-0.93227965,-0.14460966,0,-0.73313725,0.15815076,0.66143644,0,564.4463,-56.77172,-394.9964,1],[-0.50014865,0.27243418,0.8219677,0,-0.6144556,0.55718756,-0.55855733,0,-0.61016035,-0.78442436,-0.11127795,0,74.70412,-576.8906,-218.0922,1],[-0.13027948,0.98457813,-0.116761655,0,0.4901766,0.16632706,0.85560644,0,0.8618319,0.054234117,-0.50428617,0,318.1192,-155.4868,359.7212,1],[-0.1446947,-0.9612837,-0.23451427,0,-0.007991552,-0.23586535,0.97175276,0,-0.989444,0.14248165,0.026446313,0,200.0699,307.2482,300.7342,1],[-0.20386666,-0.9174257,-0.3417141,0,0.97241074,-0.14933437,-0.17921096,0,0.11338308,-0.36882162,0.9225589,0,-357.884,-225.9081,382.1361,1],[0.1420783,0.97670746,0.16079941,0,-0.091345936,0.17469136,-0.98037696,0,-0.9856317,0.12460184,0.114038125,0,-487.7344,-447.3985,-149.3726,1],[0.7923701,0.51186913,-0.33187273,0,-0.1370187,0.67944837,0.72081596,0,0.5944538,-0.52568024,0.60851026,0,79.02398,359.5762,344.314,1],[-0.95315063,0.15881124,-0.25745422,0,-0.014224768,-0.8736901,-0.4862747,0,-0.3021611,-0.45983085,0.83501744,0,-147.5911,-512.5251,-367.4836,1],[0.3310906,-0.19763893,-0.92266893,0,-0.9207724,-0.28144556,-0.2701234,0,-0.20629421,0.93900335,-0.2751644,0,450.1884,-190.8594,-352.663,1],[-0.38605723,0.1101467,0.9158753,0,-0.85828185,-0.4067816,-0.31285948,0,0.3381008,-0.90686077,0.25157785,0,593.8665,-32.88216,-88.46305,1],[-0.0198237,-0.49207133,0.8703292,0,0.9180363,0.33582768,0.21078229,0,-0.39600056,0.80317223,0.445082,0,332.0011,3.252543,303.99,1],[-0.20471579,0.9017839,0.38062698,0,-0.9546545,-0.2698232,0.125817,0,0.21616177,-0.3376106,0.9161293,0,112.9605,-647.9364,-25.4667,1],[0.70980895,-0.59836,0.37166727,0,-0.5723191,-0.7974992,-0.19090821,0,0.4106362,-0.077203944,-0.9085249,0,-124.4135,568.6752,142.4812,1],[0.52031064,-0.60328835,-0.6044171,0,0.52901405,0.7833109,-0.3264479,0,0.6703887,-0.14989081,0.72671294,0,-626.4799,-147.9082,-206.0764,1],[-0.3133637,0.8584278,0.40608475,0,-0.9447252,-0.32522312,-0.041523397,0,0.0964233,-0.39665043,0.9128915,0,-169.2547,-56.05762,497.4486,1],[0.86641747,-0.13463613,0.4808265,0,0.36211783,0.8324403,-0.41942084,0,-0.34379017,0.5375093,0.7699949,0,-290.3903,-501.1749,9.658789,1],[-0.18978338,0.8824398,-0.43044442,0,0.08427173,0.45143473,0.88831586,0,0.97820276,0.13231331,-0.16003956,0,211.7542,164.5686,-260.2966,1],[-0.68667996,0.18952855,-0.7018187,0,-0.7140037,-0.35729107,0.6021144,0,-0.13663569,0.9145611,0.38066873,0,-246.8283,44.65458,559.2319,1],[0.6302027,-0.34852833,0.69381016,0,0.72886103,-0.042414635,-0.6833467,0,0.26759338,0.9363381,0.22729889,0,-142.3424,-274.1447,-584.19,1],[-0.5406501,-0.17685226,0.8224479,0,-0.7397692,-0.3655473,-0.56490403,0,0.40054822,-0.91383713,0.066803336,0,-600.2039,-105.1918,301.1889,1],[0.345261,0.16713217,0.9235051,0,-0.32220566,0.94531536,-0.05061972,0,-0.8814638,-0.28008154,0.38023147,0,331.6825,218.6225,-449.5909,1],[-0.38072377,0.2227362,0.89746195,0,-0.21284576,0.9233848,-0.31946385,0,-0.8998589,-0.31264848,-0.3041461,0,-358.4129,-235.9693,-385.7616,1],[0.5379338,-0.7156277,-0.44553828,0,0.24558862,-0.37255704,0.8949232,0,-0.8064202,-0.59082866,-0.02466105,0,-305.955,447.6277,-288.478,1],[0.7737228,-0.62998503,-0.06687307,0,-0.5328106,-0.7041916,0.46928355,0,-0.34273303,-0.32746467,-0.8805118,0,-75.38184,-153.7055,-545.6677,1],[0.6564723,-0.35838962,0.66377777,0,-0.49559754,-0.8682903,0.02133222,0,0.5687066,-0.3429706,-0.7476256,0,426.7745,-203.0125,-260.5399,1],[0.49165487,0.5488671,-0.676033,0,-0.8390442,0.09088454,-0.53641856,0,-0.23298153,0.8309543,0.50520754,0,-281.8622,87.77886,-551.8705,1],[-0.63903767,0.14938295,-0.7545301,0,0.16390866,0.98487526,0.056167096,0,0.75150836,-0.08778112,-0.6538575,0,528.4004,-189.3069,-342.6343,1],[-0.47501752,0.75147897,-0.4578622,0,-0.48028892,-0.6573831,-0.5806636,0,-0.7373473,-0.05591923,0.6731955,0,-221.8368,-484.0659,365.4322,1],[0.0008603707,0.40842625,0.912791,0,0.9833046,0.16575098,-0.07509172,0,-0.18196538,0.89761615,-0.4014648,0,311.9799,-584.3345,-143.6343,1],[0.8201803,0.27420184,-0.502113,0,-0.0388754,0.90234196,0.4292639,0,0.57078266,-0.33255398,0.7507428,0,593.306,55.31599,313.8348,1],[-0.68936706,-0.0356222,0.72353595,0,-0.14773375,-0.97088677,-0.18855718,0,0.7091883,-0.23687577,0.6640347,0,-424.5847,-176.1151,377.0484,1],[-0.3094627,0.9157877,-0.25605848,0,-0.81484973,-0.39418906,-0.42501193,0,-0.49015608,0.077123836,0.86821604,0,-97.5591,376.4917,-488.5722,1],[-0.48213214,-0.83761215,0.2568163,0,-0.8619834,0.40111816,-0.30998212,0,0.1566311,-0.37082368,-0.9153997,0,438.037,-245.4406,-315.1313,1],[-0.40803686,-0.9117355,-0.047373444,0,-0.6666176,0.33298838,-0.6668881,0,0.6238004,-0.24053493,-0.74365044,0,445.3885,70.26775,356.8311,1],[-0.14564885,-0.85773546,-0.49302763,0,-0.15531653,-0.47233844,0.867625,0,-0.9770686,0.20294395,-0.06442496,0,167.9046,67.66143,596.9291,1],[-0.33454618,0.9403334,-0.06206432,0,0.13312453,0.11235553,0.9847102,0,0.93292916,0.32116875,-0.16276956,0,410.4538,-308.439,54.46166,1],[-0.53642666,-0.17433332,0.8257447,0,0.017192021,-0.9804862,-0.19583435,0,0.84377176,-0.09085454,0.52895606,0,-275.905,461.1573,306.9653,1],[-0.50991386,0.7472667,0.42612258,0,0.2677458,-0.3328856,0.90415674,0,0.8174963,0.5751346,-0.030334562,0,-18.66858,-25.73815,-650.0059,1],[0.6161562,-0.039094895,-0.78665304,0,-0.70955765,0.40597257,-0.5759462,0,0.34187615,0.9130486,0.22240242,0,-56.64857,-402.1172,550.5942,1],[0.2672444,0.79897094,-0.5387262,0,-0.9140583,0.3871805,0.12078309,0,0.30508646,0.46014857,0.83377784,0,265.8589,-97.63,49.66518,1],[-0.16384849,-0.76364547,0.6244994,0,0.9404039,0.070313185,0.33271146,0,-0.29798412,0.6417958,0.7066144,0,458.0981,-20.28519,77.22688,1],[-0.394579,0.5768124,0.7152584,0,0.11638294,-0.74077535,0.661594,0,0.91146153,0.34429497,0.22516328,0,-376.985,81.89913,-451.2111,1],[-0.5261998,-0.26328278,0.8085765,0,0.1943948,-0.9629272,-0.18703443,0,0.82784325,0.058765575,0.5578729,0,477.9534,-456.7856,-125.8901,1],[-0.7204102,-0.63036776,-0.28921527,0,0.15603991,-0.55363494,0.8180096,0,-0.6757666,0.5441735,0.49720684,0,-243.2553,-55.76358,-366.3472,1],[0.7685502,-0.36704922,-0.5240285,0,0.45334184,-0.2655305,0.8508673,0,-0.45145565,-0.8914981,-0.037674747,0,497.8001,-381.9246,-127.5511,1],[0.3888334,-0.10593331,0.9151978,0,-0.26045582,-0.9654852,-0.0010960773,0,0.88372594,-0.23794237,-0.4030038,0,-134.476,561.9096,-80.55593,1],[-0.6343674,-0.5251107,-0.56730664,0,0.7379466,-0.6299416,-0.24209167,0,-0.2302451,-0.5722171,0.7871181,0,189.8604,317.4417,456.0547,1],[0.59388685,0.7342398,-0.3289228,0,-0.5857383,0.11431591,-0.8023979,0,-0.5515514,0.6691963,0.49796307,0,-386.5932,-5.271496,13.99084,1],[0.71428305,0.6741328,0.18800165,0,0.21949983,0.03928458,-0.9748212,0,-0.6645446,0.73756456,-0.11991173,0,-53.58878,-349.2744,-469.0694,1],[-0.35984915,-0.46228892,-0.8104305,0,-0.81723124,-0.26291698,0.51284295,0,-0.45015752,0.8468552,-0.28318653,0,-483.6113,-134.8951,-359.004,1]],"1ak4a":[[0.4609612,-0.8853273,-0.060913574,0,-0.8744255,-0.44143608,-0.20128146,0,0.1513105,0.14604732,-0.9776376,0,-430.4426,460.5807,-49.10872,1],[0.22921464,0.33502004,0.91390496,0,-0.4217191,0.88038653,-0.21696228,0,-0.87727624,-0.33568025,0.3430818,0,278.8578,232.3806,-160.2956,1],[-0.5517515,-0.5140761,-0.6567314,0,-0.42025787,0.8515342,-0.31348512,0,0.7203844,0.103030644,-0.68587977,0,549.4741,97.25451,156.2932,1],[0.73396236,0.6662914,0.13173974,0,0.0906477,-0.288328,0.95323145,0,0.6731141,-0.68769395,-0.27201962,0,238.4649,-236.5188,305.9656,1],[-0.17967656,-0.8194246,0.54429746,0,0.57643294,-0.5360594,-0.6167378,0,0.79714584,0.2029376,0.5686606,0,-311.0295,-432.3695,299.8292,1],[0.7159501,-0.5821583,-0.38536587,0,0.60981846,0.79020625,-0.060787797,0,0.33990672,-0.19148225,0.92075926,0,216.0259,9.739769,240.0618,1],[0.6246601,-0.7671279,0.14599404,0,-0.5582633,-0.3079707,0.7703868,0,-0.54602337,-0.56273305,-0.6206364,0,253.1746,445.958,405.8271,1],[-0.9158074,-0.30891967,-0.25664246,0,-0.38122153,0.8697082,0.31349277,0,0.12635998,0.3849367,-0.91425204,0,115.4233,-648.5652,-183.3389,1],[0.008258849,-0.912648,0.40866247,0,-0.835368,-0.23092496,-0.49883235,0,0.54962885,-0.33726382,-0.7643043,0,-346.8604,-141.0821,530.7366,1],[-0.6749206,0.72149235,0.15469687,0,-0.35510534,-0.5013576,0.7890126,0,0.64682496,0.47758716,0.5945823,0,-275.5184,-99.24369,262.4684,1],[0.5691061,-0.6537591,0.49871588,0,0.19329536,0.6958865,0.69164956,0,-0.79922175,-0.29722244,0.5224018,0,-244.9305,446.6098,155.6809,1],[0.18299955,-0.62471163,0.7591091,0,0.4016498,0.75227636,0.5222623,0,-0.8973231,0.20932226,0.38858157,0,158.4815,109.3656,-602.2211,1],[0.234314,0.7943355,-0.5604713,0,-0.97177577,0.20760658,-0.11203317,0,0.027365625,0.57090336,0.8205611,0,-238.0077,516.0233,-250.4913,1],[-0.19873199,-0.9798561,-0.019682229,0,-0.33975285,0.08771744,-0.9364152,0,0.9192787,-0.17940858,-0.35034123,0,-357.39,-366.2227,390.8387,1],[0.84888273,0.52623355,0.049761765,0,0.48569116,-0.8136861,0.31940395,0,0.20857155,-0.24696766,-0.94631106,0,-351.1501,138.1586,313.0251,1],[-0.73796386,0.38174537,-0.55648905,0,-0.048401088,0.79255885,0.6078717,0,0.67310244,0.47552198,-0.56640285,0,147.187,551.3806,-159.8036,1],[0.35394138,-0.3295373,-0.8752888,0,-0.85329616,-0.49692434,-0.15796119,0,-0.38289827,0.8027896,-0.45707506,0,-174.3112,-186.7927,239.9201,1],[0.88305116,-0.46926346,0.0034919232,0,0.29767427,0.5658792,0.7688761,0,-0.36278152,-0.6779176,0.6393881,0,211.7499,-292.6578,-383.9476,1],[-0.19638789,0.08190647,0.9770994,0,-0.69913125,-0.71039397,-0.08096933,0,0.68749356,-0.6990221,0.19677615,0,501.7294,2.808971,303.1466,1],[-0.46058783,-0.8600258,0.21957743,0,0.80904955,-0.5085255,-0.29468703,0,0.3650992,0.041919768,0.93002427,0,-173.957,-590.3657,-192.7982,1],[0.6610835,-0.7182902,0.2168585,0,-0.13193354,0.17323843,0.97600305,0,-0.7386217,-0.6738304,0.019758485,0,314.3257,269.1714,-377.9246,1],[0.006154597,0.99212146,0.12512775,0,-0.78349376,-0.0729692,0.61710036,0,0.621369,-0.101834804,0.776872,0,580.15,-327.0448,71.55385,1],[0.48307723,-0.6150787,0.6231488,0,-0.1094197,-0.7485295,-0.65401137,0,0.86871374,0.24775329,-0.42889935,0,454.5843,474.0782,-11.39837,1],[0.1872527,0.9691361,-0.16034853,0,0.9332315,-0.12455808,0.3369932,0,0.30661955,-0.21274517,-0.9277522,0,282.5617,-353.543,-30.34842,1],[0.77443075,0.30456525,0.55452406,0,0.6109283,-0.58775663,-0.5303854,0,0.16438821,0.74952126,-0.6412444,0,429.9795,-7.43342,328.7761,1],[-0.22479379,0.6997814,0.6780661,0,-0.2326602,-0.71429527,0.66003895,0,0.9462225,-0.009386361,0.32338047,0,480.3181,426.0377,-233.3125,1],[0.25785992,0.27560574,-0.92603976,0,0.82439524,0.43707362,0.35963738,0,0.50386566,-0.85615885,-0.11450427,0,489.6855,-292.8853,266.2857,1],[-0.60334367,-0.75729775,-0.24995284,0,0.33204827,0.046410173,-0.9421199,0,0.7250657,-0.6514185,0.22345814,0,299.5264,75.68037,296.7512,1],[0.5033062,0.001222074,0.8641074,0,-0.6467717,0.6636843,0.3757787,0,-0.57303524,-0.74801195,0.33482683,0,235.0436,219.0888,-230.131,1],[-0.9539627,0.16653013,0.24944524,0,0.2265971,-0.14469305,0.963181,0,0.19649164,0.9753623,0.10029653,0,599.4777,-303.5974,-45.10411,1],[0.20454814,0.5903669,-0.7807863,0,0.93868905,-0.34445864,-0.01453644,0,-0.2775304,-0.7299421,-0.6246292,0,352.8713,40.71632,-234.5106,1],[0.21891046,-0.39805806,0.8908581,0,-0.8014531,0.44741267,0.39685637,0,-0.55655307,-0.800857,-0.22108155,0,-40.00758,178.4549,534.1077,1],[0.3541718,-0.61385715,-0.70550805,0,0.8208872,-0.1573355,0.5489898,0,-0.44800276,-0.77357924,0.44818372,0,211.4695,28.10073,395.3184,1],[-0.18062949,-0.98341584,0.016317338,0,-0.7876924,0.13470507,-0.60116154,0,0.5889938,-0.121440545,-0.7989609,0,-150.2869,400.4135,-273.7303,1],[-0.3116279,-0.35029757,0.8832778,0,-0.9396757,-0.024385199,-0.34119645,0,0.14105916,-0.936321,-0.32156697,0,85.38575,35.16142,610.2003,1],[-0.124082655,0.29125082,0.94856536,0,-0.68720317,0.66436756,-0.29388338,0,-0.7157899,-0.688323,0.11771199,0,-498.802,107.8807,-117.4536,1],[-0.6953822,-0.67951685,-0.23388162,0,0.54816824,-0.7120034,0.43881977,0,-0.4647099,0.17694096,0.867604,0,-32.23875,531.2354,349.5634,1],[0.04006532,0.9063348,0.42065674,0,-0.89467245,-0.15492043,0.4189999,0,0.4449225,-0.3931374,0.8046658,0,130.644,-617.5377,-237.7601,1],[0.2707579,0.7359428,-0.6205468,0,0.57787734,0.39129645,0.71620166,0,0.76990116,-0.5525173,-0.31933802,0,382.919,416.1692,209.3974,1],[-0.9210094,0.18936215,0.34041673,0,-0.36869597,-0.14172715,-0.918682,0,-0.12571731,-0.9716251,0.20034909,0,-441.7141,-123.2643,200.5922,1],[0.53250515,-0.80438215,-0.26345313,0,0.5537881,0.09570402,0.82713926,0,-0.64012253,-0.5863532,0.49642015,0,510.6954,-293.4359,24.51785,1],[-0.11005847,0.6621676,0.74122953,0,0.40540737,0.7108108,-0.57479817,0,-0.9074867,0.23723853,-0.3466784,0,-286.36,-115.8333,378.5238,1],[-0.68312526,0.640039,-0.3516961,0,-0.5915883,-0.20260736,0.7803677,0,0.42820945,0.74114805,0.51704574,0,140.8561,-320.1243,-349.1475,1],[0.38005343,-0.836966,0.39376038,0,0.8456841,0.141983,-0.5144504,0,0.3746702,0.5285155,0.76177,0,125.4081,73.80779,-506.978,1],[0.773715,0.63160753,0.04936369,0,-0.6219951,0.77211726,-0.13021867,0,-0.12036167,0.070048176,0.9902556,0,128.4814,6.693894,281.8159,1],[0.38997504,-0.462435,0.7962873,0,-0.7593322,0.32768154,0.56217396,0,-0.5208975,-0.8238803,-0.22335415,0,151.9975,491.9975,340.8647,1],[-0.22229247,-0.53366643,0.8159572,0,-0.43686998,0.80269945,0.40597814,0,-0.8716253,-0.26622134,-0.41157687,0,363.8861,-125.2323,196.6163,1],[-0.8060041,-0.36022216,-0.46967813,0,0.56300193,-0.2216107,-0.7961895,0,0.18271938,-0.9061616,0.38142487,0,253.0282,-268.7258,181.0984,1],[-0.57327175,0.7807213,0.24866384,0,-0.34766784,-0.50658363,0.7889867,0,0.74194777,0.3658514,0.5618418,0,517.1689,-296.3054,116.6824,1],[0.52213454,-0.83196235,-0.18765408,0,0.6311033,0.22890462,0.74115527,0,-0.5736584,-0.505412,0.6445732,0,367.7127,-435.3036,288.7464,1],[0.05828791,-0.012776174,-0.9982181,0,0.2028924,0.97920084,-0.00068549067,0,0.97746474,-0.2024909,0.059667714,0,294.1447,-176.1347,239.8961,1],[-0.42728648,-0.79622936,0.42830488,0,0.28032446,0.3337091,0.9000313,0,-0.8595606,0.5046356,0.080613226,0,-392.0147,-291.5197,225.6719,1],[-0.657447,-0.17028433,-0.73400724,0,0.159996,0.9203675,-0.35682622,0,0.73631835,-0.35203257,-0.5778481,0,458.8171,-32.27563,376.4614,1],[0.8359428,-0.053544845,0.54619837,0,-0.12520647,0.95037705,0.28479257,0,-0.5343436,-0.30645785,0.78775674,0,448.2017,-251.5254,96.43941,1],[0.78807443,-0.48696887,-0.37656352,0,0.49674147,0.14177577,0.85624045,0,-0.36357483,-0.8618359,0.35362744,0,-176.1542,-544.8489,-138.8768,1],[-0.85101664,-0.111144125,-0.51324224,0,-0.27690998,0.9254019,0.25875115,0,0.44619668,0.36232346,-0.8183094,0,364.8032,-74.756,243.1057,1],[-0.73309326,0.22740488,0.6409846,0,0.039325014,0.95504266,-0.29384863,0,-0.6789903,-0.19021171,-0.709078,0,627.4122,-46.65389,35.47486,1],[-0.7528834,0.4502224,-0.48006925,0,0.23715487,0.8659984,0.44023216,0,0.61394155,0.21759272,-0.7587682,0,230.5717,30.53386,-564.3303,1],[0.74718815,0.48773676,0.45146707,0,0.64695936,-0.37824863,-0.66209614,0,-0.1521618,0.7867913,-0.5981688,0,-187.0461,-287.4878,-464.2091,1],[-0.0058477726,0.74137014,0.6710707,0,0.88670474,0.31409016,-0.33926657,0,-0.46229887,0.59305763,-0.65921324,0,531.9592,-72.72133,110.6464,1],[0.3752799,0.87259465,0.31263962,0,0.8892614,-0.43409282,0.14414412,0,0.261494,0.22392395,-0.9388711,0,438.2904,25.40008,-88.88721,1],[-0.58491445,-0.6565782,0.47621426,0,-0.24842937,-0.4138836,-0.8757757,0,0.7721125,-0.63055956,0.078973204,0,135.0088,80.71721,-347.6221,1],[0.7004243,0.25880733,-0.6651501,0,0.3216364,-0.9464021,-0.029547997,0,-0.63714665,-0.19324034,-0.74612486,0,394.891,-192.8737,-157.6727,1],[0.2642026,-0.75971156,-0.59416777,0,0.8444759,-0.11537135,0.52302,0,-0.46589428,-0.6399436,0.6110767,0,376.358,-79.24555,-434.8748,1],[-0.9849731,-0.13937664,0.10199085,0,0.13348776,-0.23966658,0.9616345,0,-0.10958558,0.9607986,0.2546702,0,462.5796,-331.5807,145.2023,1],[0.5403905,0.025476635,0.8410287,0,-0.42794025,0.8689321,0.24864475,0,-0.72446215,-0.4942752,0.48046508,0,-290.0958,128.4584,533.5921,1],[-0.914895,0.3202409,0.24578992,0,-0.09569905,-0.76355076,0.63861704,0,0.3921844,0.5607457,0.7292156,0,-14.73061,-408.5787,200.2832,1],[0.69708,0.23305552,-0.6780593,0,0.07559849,-0.9643172,-0.25372598,0,-0.71299654,0.12560707,-0.68982494,0,605.3742,71.41613,160.6619,1],[-0.25841358,0.13743988,-0.9562074,0,0.33339348,-0.9163245,-0.22180642,0,-0.9066813,-0.37611115,0.1909692,0,214.4851,215.1604,-615.0403,1],[0.37352592,0.84140927,-0.39052373,0,-0.76875156,0.04517916,-0.6379497,0,-0.51913327,0.5385065,0.66371024,0,75.67126,-139.4124,-498.9153,1],[-0.98883855,0.02887182,-0.14616686,0,-0.11470376,-0.7736252,0.623175,0,-0.095086165,0.63298535,0.7683021,0,2.209283,-333.9925,-560.401,1],[-0.7480383,0.1606141,-0.64392716,0,0.17772698,-0.8863519,-0.42754397,0,-0.63941556,-0.43426242,0.6344795,0,57.76567,-357.976,466.4768,1],[-0.97216594,-0.22896256,-0.04969275,0,-0.21773998,0.96123266,-0.16917716,0,0.08650154,-0.15364818,-0.9843321,0,82.49116,-285.1925,536.5049,1],[-0.48219395,0.46649933,-0.7415304,0,-0.4112367,-0.8679118,-0.27859196,0,-0.773546,0.17060916,0.61034346,0,-157.8584,-376.7044,153.1446,1],[-0.8245238,-0.17443606,-0.5382684,0,0.2420221,-0.96860474,-0.056836687,0,-0.5114549,-0.17713603,0.84085494,0,-62.62905,557.9301,-268.5866,1],[-0.4957441,0.09825596,0.8628926,0,0.48591718,0.8548832,0.1818224,0,-0.71980715,0.5094317,-0.47154748,0,-226.1104,438.8383,-190.4443,1],[0.6933696,0.018866658,0.72033507,0,-0.6399972,0.47548735,0.6035854,0,-0.33112258,-0.87952024,0.34176314,0,391.2067,334.8134,130.5361,1],[-0.8040851,-0.5260332,-0.27701262,0,0.39798656,-0.82241714,0.40649298,0,-0.4416488,0.21660766,0.8706476,0,448.7183,8.773508,-259.5413,1],[-0.69587445,0.6788676,0.23430195,0,-0.56311655,-0.7182642,0.40865162,0,0.4457111,0.15243092,0.8821034,0,276.6663,-365.2726,-417.6707,1],[0.8321317,-0.1505735,-0.5337457,0,0.17556985,0.98445886,-0.0040022694,0,0.52605337,-0.09037924,0.8456356,0,-201.1001,508.7019,123.1389,1],[-0.67849344,0.6992115,0.22527757,0,0.034665704,-0.27584755,0.96057606,0,0.73378813,0.659554,0.16292208,0,-57.39337,87.424,-610.6132,1],[0.9461564,-0.31865683,0.056972876,0,0.31049982,0.94314384,0.118615255,0,-0.09153117,-0.09453851,0.9913045,0,468.0542,335.9831,-158.1223,1],[0.28875756,-0.74376416,0.6028547,0,0.8407384,0.49822223,0.21197508,0,-0.45801508,0.44563377,0.7691766,0,222.0053,91.03989,368.8436,1],[-0.6880573,-0.45910224,0.56196284,0,0.14182225,0.6744081,0.72461045,0,-0.71166253,0.57827234,-0.39892054,0,-368.9092,223.5629,183.6064,1],[-0.19290783,0.3759359,0.9063435,0,0.656518,0.73592705,-0.16551554,0,-0.72922605,0.5631016,-0.38877478,0,79.47299,-77.23896,351.2315,1],[-0.7455937,0.092992365,0.65988076,0,0.5646603,0.6140324,0.5514736,0,-0.35390532,0.7837837,-0.5103277,0,416.1393,-116.3558,425.9257,1],[0.13625339,-0.09490056,-0.9861182,0,0.34504437,-0.92852914,0.13703367,0,-0.92864394,-0.35892582,-0.093770295,0,187.9735,-50.58039,-449.974,1],[0.123078145,-0.8047533,0.58071005,0,-0.91312957,-0.32099685,-0.2513078,0,0.38864684,-0.49933296,-0.77435166,0,-553.5844,-82.78232,-250.5468,1],[-0.8318169,0.062071875,0.5515685,0,-0.5523724,0.0049213767,-0.833583,0,-0.054456532,-0.99805963,0.03019309,0,284.6682,246.1213,-226.778,1],[-0.2026162,0.47303894,-0.8574269,0,-0.5165918,0.69220924,0.5039635,0,0.83191323,0.54505086,0.10411523,0,35.59694,661.0412,2.241402,1],[-0.47366887,-0.25405395,0.8432641,0,0.63966775,-0.7573843,0.13112646,0,0.6053618,0.60151935,0.52125955,0,-346.6849,-27.24088,-204.8755,1],[0.0803754,-0.9829089,0.16561997,0,-0.5979529,-0.18048576,-0.78094643,0,0.7974912,-0.036264062,-0.60223985,0,82.26354,483.378,-395.6132,1],[-0.96594423,0.11706569,-0.23075455,0,0.2555852,0.5707459,-0.7803368,0,0.04035154,-0.8127392,-0.5812289,0,427.9788,-124.8133,-177.4473,1],[-0.2010211,0.66546154,-0.71885425,0,0.7056968,-0.41057757,-0.57742375,0,-0.6793987,-0.6233675,-0.38707933,0,163.5785,392.1834,-278.1351,1],[-0.41548455,-0.9034878,-0.10527301,0,0.23123053,-0.21684444,0.94842553,0,-0.8797187,0.3697138,0.29900947,0,447.3483,-491.4413,-163.1622,1],[-0.7242227,0.48287618,0.49227232,0,0.29396886,-0.42956504,0.8538479,0,0.62376577,0.76308876,0.1691502,0,-450.4974,418.212,88.98122,1],[-0.8995336,0.20352848,-0.38654274,0,-0.25268114,0.479392,0.84043765,0,0.35635853,0.85367405,-0.37980145,0,-45.57086,-452.9459,-407.1637,1],[-0.503802,0.012849778,-0.86372346,0,0.550154,-0.7660999,-0.3322972,0,-0.6659685,-0.6425929,0.37889332,0,-326.0309,495.2608,78.90883,1],[0.632106,0.05296731,0.7730695,0,-0.75267166,0.27911887,0.5963036,0,-0.18419364,-0.9587946,0.21629974,0,-440.631,3.592351,325.3716,1],[-0.87992156,0.36347002,-0.30598658,0,-0.26100707,0.1683447,0.9505449,0,0.39700574,0.9162695,-0.053261876,0,86.80708,480.0766,407.1605,1],[0.37424633,-0.8019909,-0.46556473,0,0.49327332,-0.25296393,0.8322806,0,-0.78525245,-0.5411286,0.3009298,0,-274.0284,267.909,-373.2634,1],[-0.022619873,-0.8967044,0.44205153,0,0.6061743,0.33931378,0.7193183,0,-0.7950101,0.28423116,0.5358839,0,242.6212,-624.1658,-42.92937,1],[0.48716694,0.7552423,0.43849418,0,-0.8190996,0.56930035,-0.070517346,0,-0.3028926,-0.32481676,0.89596313,0,-254.9683,-296.4768,-321.5103,1],[0.79343057,-0.05388759,0.60627043,0,-0.27853698,-0.9178009,0.28294575,0,0.54118836,-0.39336658,-0.74322116,0,-308.4193,369.4266,-331.4626,1],[-0.263062,-0.40317664,-0.8764968,0,0.9610461,-0.18934515,-0.20134145,0,-0.08478427,-0.8953193,0.43728095,0,246.3931,-196.3954,-520.1393,1],[-0.82316035,-0.428886,0.37210724,0,0.03307946,-0.69044834,-0.72262496,0,0.5668446,-0.5825271,0.582537,0,-398.6921,179.2742,227.5278,1],[0.58136165,-0.7806086,-0.22949687,0,-0.63360983,-0.2573886,-0.7295818,0,0.510448,0.5695624,-0.64423716,0,225.4413,-471.0279,76.74365,1],[-0.97068906,0.1340747,0.19946548,0,0.13435845,-0.3854111,0.91291064,0,0.19927448,0.91295236,0.35610035,0,-47.47391,-510.7924,244.5975,1],[-0.7917827,-0.019680262,0.6104856,0,-0.5565121,0.43518007,-0.70775175,0,-0.25174242,-0.90012825,-0.35552037,0,341.8486,216.2579,29.68456,1],[-0.80061483,0.5694654,-0.18634677,0,-0.32293728,-0.14813867,0.93475485,0,0.50470537,0.8085569,0.30250362,0,-401.6391,223.4906,-271.2621,1],[0.25846115,-0.880623,0.3971157,0,-0.91081154,-0.085164204,0.40394232,0,-0.32190084,-0.46610096,-0.8240933,0,-492.6035,-354.6434,319.5992,1],[-0.9249708,0.3798277,-0.0126436055,0,0.22541055,0.57510614,0.7864114,0,0.30597228,0.72455764,-0.6175736,0,34.60349,-280.7674,549.4263,1],[-0.95849884,0.13566674,-0.250748,0,0.21619858,-0.22744158,-0.9494885,0,-0.18584456,-0.964295,0.1886715,0,339.5256,-185.9052,182.622,1],[-0.25587878,0.9110768,0.3232106,0,-0.6467178,-0.4098356,0.64326584,0,0.7185278,-0.04442796,0.6940778,0,323.1686,-232.8991,-373.0257,1],[0.7660354,-0.2450285,-0.5942647,0,-0.24522856,-0.9659756,0.08218188,0,-0.5941822,0.08277645,-0.8000596,0,42.67252,443.8581,-222.8828,1],[-0.4159211,0.7817072,0.46469736,0,0.89820284,0.27317417,0.34439474,0,0.14227255,0.5606335,-0.8157505,0,-613.5982,28.99106,222.5728,1],[-0.034458846,0.19910017,-0.9793731,0,-0.9730412,0.21692073,0.07833466,0,0.22804281,0.95566964,0.1862578,0,-387.6915,-54.30549,-323.2867,1],[0.48941997,-0.44544542,0.7496978,0,-0.69716966,0.3165711,0.6432243,0,-0.5238539,-0.8374732,-0.15561478,0,-483.9041,-307.9685,-278.7455,1],[-0.5299144,-0.84785986,-0.01801616,0,-0.22636521,0.16188833,-0.96049523,0,0.8172819,-0.504902,-0.27771294,0,-132.9882,-329.0982,265.2613,1],[0.30972144,0.761055,-0.5699718,0,0.10501823,-0.62316155,-0.77501005,0,-0.9450098,0.18017983,-0.2729312,0,-107.532,608.2098,-70.13039,1],[-0.26691452,0.3790906,-0.88602865,0,-0.736878,-0.67280793,-0.06588015,0,-0.62110174,0.63531065,0.45892572,0,412.3264,-118.5392,368.6585,1],[-0.058748424,-0.8152453,-0.5761285,0,0.15953201,-0.5773753,0.8007419,0,-0.98544323,-0.04486859,0.16397762,0,43.62745,149.4444,-375.3338,1],[-0.60400105,-0.28134063,0.7456743,0,-0.35219583,0.93352956,0.066936955,0,-0.7149411,-0.22219338,-0.66293985,0,443.2658,473.5531,40.5486,1],[-0.8079995,0.5845681,0.07360157,0,-0.526619,-0.77256227,0.35471144,0,0.26421475,0.24784663,0.9320745,0,-497.1664,43.00886,-281.1335,1],[-0.8840965,-0.275273,0.37762234,0,-0.3450301,-0.1604751,-0.9247715,0,0.31516352,-0.94787806,0.046897978,0,334.4035,129.7936,-434.3669,1],[0.3633941,0.62377745,-0.69198745,0,0.13083483,0.7012359,0.7008215,0,0.9224029,-0.34521043,0.17321315,0,-49.54621,612.0709,-17.69649,1],[0.09768439,0.99150944,0.085830465,0,0.9464555,-0.06588762,-0.31603926,0,-0.30770075,0.11210682,-0.9448558,0,79.11552,-243.066,-560.1044,1],[0.4555059,-0.8770715,0.15251195,0,0.73646176,0.2750079,-0.6180571,0,0.5001383,0.39384788,0.7711974,0,-469.3764,-207.3856,-220.6732,1],[0.11501646,-0.17210844,0.97834027,0,0.98280895,-0.123471916,-0.13726282,0,0.1444217,0.9773091,0.15494841,0,-258.4651,551.6542,-159.6622,1],[-0.22226581,-0.7756924,-0.59067667,0,0.63982505,-0.5731759,0.51195014,0,-0.7356776,-0.26414078,0.62370497,0,83.57381,402.1298,-507.4494,1],[0.23679635,0.5338582,-0.81174076,0,0.44526675,-0.802225,-0.39770934,0,-0.8635191,-0.26726505,-0.4276732,0,-403.3491,3.06208,250.8708,1],[-0.14943664,0.627838,0.763864,0,0.42403165,0.7385859,-0.524107,0,-0.89323336,0.24558172,-0.37659496,0,302.2479,-261.8498,66.72443,1],[-0.42788422,-0.37410566,-0.8227757,0,0.34711745,-0.90852493,0.23257641,0,-0.83452046,-0.18608405,0.51860213,0,162.9088,-151.7325,307.0968,1],[-0.14396054,0.68878007,-0.71053326,0,-0.03233674,0.71435475,0.69903636,0,0.98905504,0.12360999,-0.08056599,0,-602.8534,-172.6763,39.66063,1],[0.36177552,0.66363996,-0.654752,0,-0.08776134,-0.6749613,-0.7326152,0,-0.92812514,0.32250422,-0.18594259,0,-622.0555,74.87415,-126.9007,1],[0.9677759,-0.23557916,0.08895055,0,-0.04166627,-0.49818122,-0.86607116,0,0.24834183,0.8344566,-0.4919435,0,330.4429,-345.6697,222.4063,1],[0.4562762,-0.85444355,-0.24847163,0,0.5981469,0.5012437,-0.62527984,0,0.6588113,0.13667779,0.7397884,0,287.8515,-165.1427,-432.431,1],[0.5500841,0.7066688,-0.44500196,0,0.5254156,-0.70704615,-0.47331187,0,-0.6491116,0.026550353,-0.7602297,0,-134.3712,-484.0963,167.0147,1],[0.8958241,0.44194612,-0.046725046,0,0.4394726,-0.8965907,-0.05467416,0,-0.06605627,0.028444048,-0.99741054,0,321.6405,-171.4961,-205.2945,1],[0.005461842,-0.97743404,0.21117058,0,-0.36674678,-0.19841686,-0.9089157,0,0.9303049,-0.07248175,-0.3595545,0,231.9148,-356.2039,444.0324,1],[-0.1843754,-0.67457473,-0.714811,0,0.6088475,-0.6493208,0.45572728,0,-0.7715637,-0.35118598,0.5304319,0,-283.9512,-60.32015,570.1946,1],[-0.22606716,0.96935976,0.096101135,0,-0.9740603,-0.22393754,-0.032538433,0,-0.010020804,-0.10096416,0.99483967,0,-412.5341,-254.6319,-405.4962,1],[-0.3721467,0.8067443,-0.45898843,0,-0.5467724,0.20905185,0.81076336,0,0.7500311,0.55268514,0.36330763,0,156.9524,374.9364,-470.8197,1],[-0.63768107,0.3000607,-0.70945513,0,0.3492279,0.9335358,0.080937296,0,0.6865878,-0.19614935,-0.70008767,0,221.2938,173.9879,381.2893,1],[0.064949006,-0.119624004,-0.9906924,0,0.1781938,-0.9754412,0.1294647,0,-0.98184943,-0.18494387,-0.042037696,0,-189.816,-455.0258,83.36008,1],[0.423414,0.56989896,-0.70422727,0,0.4589965,0.5352383,0.70911384,0,0.78105253,-0.6234865,-0.03495424,0,71.12088,454.4953,46.78722,1],[-0.6225998,0.18888131,0.75940347,0,0.052825235,0.9783642,-0.20003298,0,-0.7807555,-0.08442482,-0.619107,0,71.01045,569.269,-281.4437,1],[-0.67277527,-0.16537452,0.7211275,0,0.05742733,-0.98343027,-0.17195103,0,0.73761487,-0.07427196,0.6711245,0,-41.74685,178.5791,-621.8835,1],[-0.1923976,0.9287824,-0.3167754,0,0.91936725,0.057724237,-0.38914254,0,-0.34314308,-0.36610296,-0.8649981,0,183.8127,474.22,-116.3935,1],[-0.8200539,0.56820166,-0.0682548,0,0.28605518,0.5102737,0.81104463,0,0.49566552,0.6455756,-0.5809889,0,-450.912,97.05271,129.1771,1]],"hiv1_p6_vpr":[[0.23330626,0.47164813,0.8503623,0,-0.41903678,-0.7403679,0.5256077,0,0.8774829,-0.47896066,0.024905473,0,538.3378,-326.2771,-107.0285,1],[-0.15883237,-0.9036893,0.3976404,0,-0.554238,0.4149174,0.7215703,0,-0.8170633,-0.105778694,-0.5667613,0,398.4096,18.13037,441.9066,1],[0.8267891,-0.50360847,-0.25059614,0,-0.07153371,-0.53600913,0.84117603,0,-0.55794513,-0.6775491,-0.47919148,0,323.3647,270.6927,479.7329,1],[-0.4513292,-0.7296511,0.51372296,0,0.47633818,-0.6838031,-0.5527344,0,0.75458854,-0.0047593117,0.6561809,0,-23.96417,580.9201,-146.0831,1],[0.01418972,-0.49163526,-0.87068564,0,-0.6576119,-0.6605413,0.36225942,0,-0.75322324,0.5674329,-0.33267808,0,344.6553,-201.8477,-11.37614,1],[-0.9922163,0.12452444,-0.00024678558,0,0.11968859,0.95422727,0.27408868,0,0.034366235,0.27192575,-0.9617042,0,57.59286,-535.3961,293.0821,1],[-0.013487577,0.997426,-0.07042549,0,-0.9908388,-0.022797227,-0.1331125,0,-0.13437536,0.06798492,0.9885957,0,58.5347,-334.1832,234.6984,1],[0.062170178,0.013302207,-0.9979769,0,-0.9916742,-0.112155676,-0.06327245,0,-0.11277044,0.99360156,0.0062187016,0,-50.89833,292.1991,-512.0145,1],[0.5853996,-0.7133073,-0.3853568,0,0.81073517,0.5173671,0.27393395,0,0.003971815,-0.47278315,0.8811698,0,57.88603,513.5101,-311.9919,1],[0.82142407,-0.46218655,-0.3341346,0,0.34662172,-0.060668617,0.9360409,0,-0.45289704,-0.88470495,0.110369235,0,405.7038,-194.6736,122.5577,1],[-0.76683307,-0.34104237,-0.5437436,0,-0.37157866,-0.4548728,0.8093331,0,-0.5233511,0.8226669,0.22208744,0,-355.1208,147.7673,476.2833,1],[-0.7102631,-0.422086,-0.56335586,0,-0.32132357,-0.5176538,0.7929601,0,-0.62632066,0.74422973,0.23204422,0,117.2549,304.9738,342.6838,1],[0.91142577,-0.10933755,0.39667153,0,0.3421085,0.7370053,-0.58291084,0,-0.22861499,0.6669846,0.70913094,0,-395.4681,213.9107,-124.4603,1],[0.219937,0.327579,0.9188687,0,-0.7634957,0.64410925,-0.046879023,0,-0.60720843,-0.69124186,0.3917686,0,-267.6715,-393.09,136.5937,1],[-0.83922714,0.3595078,0.4079852,0,-0.2124086,-0.9073953,0.36265188,0,0.50058,0.21768773,0.83787334,0,547.6771,102.4425,-177.535,1],[-0.98165137,0.18499115,0.046246506,0,-0.0503468,-0.48537225,0.87285674,0,0.18391755,0.8545127,0.48578006,0,272.1957,-249.265,234.9624,1],[-0.9647822,0.25224936,-0.074604586,0,-0.22015703,-0.92952836,-0.2958178,0,-0.1439669,-0.26897496,0.9523268,0,-360.655,383.9385,-67.95014,1],[0.5178729,-0.7344217,0.43867156,0,0.83680755,0.3284154,-0.43806025,0,0.17765442,0.5939431,0.784647,0,442.5321,-190.8291,68.56458,1],[-0.4758287,-0.7003623,0.53205234,0,-0.22535387,0.6818095,0.6959537,0,-0.85017806,0.2112547,-0.48225385,0,504.1579,329.6654,143.0219,1],[0.24647659,0.76891214,0.589935,0,-0.9452992,0.32494944,-0.028585315,0,-0.21367867,-0.5506195,0.80694455,0,630.1008,-35.64518,190.7601,1],[-0.72803783,0.6755153,-0.11679149,0,-0.039854437,0.12837031,0.99092525,0,0.6843777,0.7260856,-0.06653613,0,226.5717,544.1681,129.8797,1],[0.94967276,-0.30120236,0.08601651,0,-0.13702232,-0.6463805,-0.7506112,0,0.28168526,0.70104885,-0.6551214,0,-3.699757,-624.2424,38.85933,1],[-0.8152448,0.18736981,-0.54796773,0,-0.53625935,-0.601476,0.5921593,0,-0.21863668,0.7766075,0.59082896,0,-79.58779,623.4612,136.0107,1],[-0.7613656,-0.22461623,0.60816914,0,0.036863327,-0.95154643,-0.30528727,0,0.6472737,-0.21001612,0.7327549,0,-381.4854,298.4697,39.34465,1],[0.024502039,0.18393677,-0.98263264,0,0.77514535,-0.62421167,-0.09751648,0,-0.6313076,-0.7592938,-0.15787217,0,374.5247,-388.431,174.4193,1],[0.29415852,-0.40043083,0.86782837,0,-0.8391782,0.3263728,0.43504125,0,-0.45743945,-0.85623366,-0.24002747,0,-216.7322,-242.5967,190.9127,1],[-0.3445469,0.8856118,-0.31141478,0,0.9387133,0.3286342,-0.10400421,0,0.010234207,-0.32816353,-0.9445655,0,-284.547,213.0955,-317.6644,1],[0.4646773,-0.8853656,-0.014241248,0,0.18952283,0.08373347,0.9782995,0,-0.8649602,-0.45729265,0.20670602,0,371.5548,287.0977,75.98689,1],[0.7562217,-0.20876959,-0.6201158,0,-0.42381707,0.5657658,-0.7073103,0,0.49850526,0.7976992,0.33936432,0,170.7268,-121.5078,498.4744,1],[0.5211482,-0.8471515,-0.10362807,0,-0.34702465,-0.32126427,0.8811147,0,-0.7797297,-0.4232299,-0.4614088,0,303.9796,-296.2026,-113.3314,1],[-0.86155593,-0.40232724,0.30960283,0,0.30899036,0.06830168,0.9486093,0,-0.4027978,0.9129444,0.0654695,0,-364.3062,-106.1215,171.2447,1],[-0.28129157,-0.7926705,0.5408774,0,0.56654155,0.31774804,0.760307,0,-0.7745357,0.52029747,0.35970095,0,-99.14574,-580.3033,-162.8229,1],[0.6759725,0.58653235,-0.4461397,0,0.73546135,-0.5751073,0.35825703,0,-0.046448827,-0.57029045,-0.82012874,0,492.9172,-304.5295,-34.54768,1],[0.7595267,-0.6503401,-0.013305277,0,0.3270474,0.36411482,0.87204385,0,-0.5622804,-0.666692,0.48924696,0,-466.7354,-290.1829,189.8401,1],[-0.3559028,-0.19045833,-0.91490924,0,0.8650265,-0.43761712,-0.2453987,0,-0.35364175,-0.8787587,0.32050067,0,-34.15239,531.0258,-336.8897,1],[0.32853127,-0.56699497,0.75537014,0,-0.46559137,-0.79305947,-0.39278674,0,0.8217615,-0.22265105,-0.5245328,0,-96.03396,604.0654,196.0448,1],[-0.03525696,-0.9849093,0.16944316,0,-0.90784156,0.102450274,0.4066053,0,-0.41782877,-0.13949186,-0.8977536,0,470.3724,-5.787724,139.0554,1],[-0.71454537,0.37359297,0.591484,0,-0.4144621,0.45506623,-0.7881218,0,-0.5636012,-0.80829644,-0.17032531,0,-71.84269,-584.4796,-76.56535,1],[-0.3135835,0.7995191,0.5122837,0,-0.704748,0.16560692,-0.68985844,0,-0.6363927,-0.577359