(molecules:{"hiv1_p6_swissmod_0_1_0":[[-0.045951277,-0.043590814,0.99799204,0,-0.98523366,-0.16297288,-0.052482277,0,0.16493341,-0.9856671,-0.035458326,0,-119.09865,183.9148,444.2405,1],[-0.8893275,0.4570046,0.015588358,0,-0.4571966,-0.88805497,-0.04826338,0,-0.008213267,-0.050048903,0.99871284,0,-227.45145,-107.986595,407.27893,1],[-0.8815028,0.3006571,-0.36408535,0,0.08426147,-0.65853435,-0.7478185,0,-0.46459964,-0.68988246,0.55516607,0,-111.612045,167.6127,-445.5301,1],[-0.5032544,0.6193149,0.6026478,0,-0.14926872,-0.7492159,0.6452865,0,0.8511487,0.2347868,0.4694905,0,637.1146,107.8909,-165.19128,1],[-0.9980566,-0.012056992,-0.06113889,0,-0.0089909425,-0.9429782,0.3327334,0,-0.061664395,0.33263642,0.94103706,0,-201.15015,569.0973,-108.83749,1],[-0.17724949,-0.929023,-0.32480606,0,-0.42157707,0.36989182,-0.8279209,0,0.8893006,-0.009817779,-0.45721787,0,392.02765,-66.49971,131.97131,1],[0.95156854,0.051462322,-0.30309838,0,-0.21461624,-0.5947191,-0.77475727,0,-0.22012924,0.8022846,-0.5548714,0,132.14955,-560.3179,-145.17389,1],[-0.34286913,-0.01651273,0.9392381,0,-0.22753969,0.97153074,-0.06598297,0,-0.91140914,-0.23633745,-0.33686522,0,618.43744,144.7902,79.39774,1],[-0.6378908,0.7627279,0.10649665,0,-0.7602491,-0.60158217,-0.24519478,0,-0.122950405,-0.23737146,0.96360683,0,-238.07214,-598.1336,189.33841,1],[-0.14882432,-0.7672091,-0.62389207,0,-0.43463963,-0.515956,0.7381583,0,-0.8882227,0.38102418,-0.25667274,0,-632.18134,-53.686867,-133.39188,1],[0.17253837,-0.20993838,0.9623703,0,0.9656395,-0.15672198,-0.20731297,0,0.19434753,0.96507215,0.17568424,0,281.24875,557.4812,-218.00049,1],[-0.042097896,0.20458171,-0.97794396,0,-0.84882164,-0.5236155,-0.07299861,0,-0.5270007,0.82702684,0.1956965,0,42.046883,-201.5127,-405.22168,1],[0.88353026,0.3549717,-0.30556425,0,0.4577185,-0.5160084,0.7240368,0,0.09933885,-0.7795708,-0.61838603,0,407.33716,-510.5105,-130.2143,1],[-0.13972789,0.9891987,-0.04429689,0,0.6953759,0.06617969,-0.7155926,0,-0.7049316,-0.13079122,-0.697112,0,-158.63124,-149.84529,395.841,1],[0.2936581,-0.7901894,0.5379271,0,0.8778955,0.00027015805,-0.47885224,0,0.37823865,0.6128626,0.69378304,0,562.95306,-272.0074,-26.772913,1],[0.9605629,0.18932146,-0.20365761,0,0.06462988,-0.8643672,-0.49869084,0,-0.2704478,0.4658615,-0.8425148,0,356.80844,-351.3291,451.9237,1],[0.12172264,-0.3998536,0.9084605,0,0.8786901,0.4690747,0.08872673,0,-0.46161354,0.7874553,0.40844446,0,101.581955,-491.1427,70.94016,1],[0.57159585,0.8138703,-0.10437065,0,0.54989743,-0.47436196,-0.6874544,0,-0.6090082,0.335553,-0.71868855,0,458.80664,-26.638098,-214.20558,1],[0.308522,0.8337679,0.45787045,0,-0.14280313,0.51649535,-0.8442985,0,-0.94043684,0.19509926,0.27841485,0,484.68027,-304.3252,-401.1102,1],[0.4657539,-0.35546136,-0.8103831,0,0.8251419,-0.15640798,0.54284215,0,-0.31970978,-0.92151177,0.22045842,0,-243.49675,-349.4623,466.4211,1],[0.08969852,0.27600852,-0.95696056,0,0.18278971,-0.9490752,-0.25660086,0,-0.9790516,-0.15190582,-0.13558218,0,-118.53725,-115.4575,574.1082,1],[-0.85709345,0.06254706,0.51134986,0,-0.45593718,0.36997542,-0.8094686,0,-0.23981678,-0.92693365,-0.288586,0,356.20544,439.9543,-261.10876,1],[0.4068969,0.78087425,0.4739939,0,0.45585632,0.27608106,-0.84615254,0,-0.7915995,0.56036997,-0.24362996,0,274.41296,-153.5862,-556.6257,1],[-0.93968827,0.1634254,-0.30046338,0,0.1373822,0.98482984,0.106002174,0,0.31322873,0.058330677,-0.94788474,0,-322.88354,-135.06439,95.57042,1],[0.06450239,-0.76135725,-0.6451158,0,0.58339566,0.5532524,-0.59461,0,0.8096226,-0.33800405,0.47985867,0,-478.65674,-186.1532,-98.378555,1],[0.010227384,0.81434655,0.58028877,0,0.78774357,0.35088634,-0.506299,0,-0.6159183,0.46229687,-0.6379076,0,-460.96823,-315.0923,232.83101,1],[-0.058223918,0.9703389,0.23463222,0,0.5868432,-0.15686698,0.7943599,0,0.80760443,0.18394306,-0.56030333,0,-406.89865,-102.8302,282.8749,1],[0.24273191,-0.9578152,-0.15385514,0,-0.74925077,-0.0843596,-0.6568918,0,0.61620176,0.2747247,-0.7381205,0,-330.06226,-546.2787,110.88461,1],[0.70513815,0.70522606,-0.07373087,0,-0.5165793,0.58215946,0.62788224,0,0.48572206,-0.40465593,0.7748081,0,132.01015,383.832,-520.37476,1],[-0.48380584,0.1190252,0.86704373,0,-0.6945312,0.5505813,-0.4631269,0,-0.5325018,-0.82625246,-0.18370773,0,536.6691,319.7758,-81.2814,1],[-0.69831663,0.6150845,0.3660942,0,-0.66673875,-0.37287802,-0.64530724,0,-0.26041004,-0.69471794,0.67048764,0,-88.940285,-304.2045,-441.3404,1],[-0.12471267,-0.044347763,0.9912013,0,-0.018347448,0.99893284,0.042385217,0,-0.9920232,-0.0129000405,-0.12539326,0,-102.16745,206.9422,595.29803,1],[0.6736833,-0.55587506,0.486984,0,0.061800107,-0.614276,-0.78666735,0,0.7364315,0.5600604,-0.3794744,0,11.983213,88.514984,-462.4109,1],[0.53264433,0.77772737,-0.33381134,0,-0.6513814,0.62853795,0.42502016,0,0.54036295,-0.008946046,0.84138435,0,-30.850706,41.71773,-658.5019,1],[-0.28524458,0.648922,-0.70536214,0,-0.36428958,0.60730445,0.7060272,0,0.88652617,0.45834655,0.0631652,0,27.024405,-241.9326,405.8496,1],[0.6095797,0.7461302,-0.26777261,0,0.6438347,-0.26892,0.71635103,0,0.4624818,-0.60907435,-0.64431274,0,-574.97217,219.7137,-43.270374,1],[0.73234934,0.56241584,-0.38386542,0,-0.6404284,0.37738842,-0.66890156,0,-0.23133451,0.735708,0.6365673,0,103.75415,-401.0086,332.1162,1],[-0.082850456,0.16534185,-0.9827502,0,0.42928535,0.8958771,0.11453521,0,0.8993609,-0.41239095,-0.14520264,0,122.054955,7.029488,-523.1659,1],[0.06376669,0.99143595,0.11396679,0,0.32923752,0.08690594,-0.94023925,0,-0.94209146,0.09747809,-0.3208762,0,-10.159916,122.5549,-514.7914,1],[-0.17897153,0.93557346,-0.30442038,0,-0.05489862,-0.31843048,-0.94635534,0,-0.9823216,-0.15265834,0.10835168,0,284.43524,-47.68015,548.10394,1],[0.93578184,-0.28380084,-0.20921153,0,0.032362312,0.6600065,-0.75056255,0,0.35109127,0.69559216,0.6268066,0,-403.20944,-190.61299,102.30092,1],[-0.9640431,0.19517511,-0.18035366,0,-0.2412237,-0.9274486,0.28574494,0,-0.11149846,0.318976,0.9411813,0,-116.286545,-376.9447,461.22403,1],[-0.85090137,0.38696927,-0.35527664,0,-0.037310407,0.6300731,0.77563894,0,0.52399874,0.6732478,-0.52169204,0,-408.95645,-123.0085,434.25443,1],[-0.80394536,-0.51299655,0.30084288,0,0.08356267,0.4034084,0.9111965,0,-0.5888032,0.7576914,-0.281451,0,-140.65974,-330.397,478.58823,1],[-0.69800085,-0.6905143,0.18969646,0,-0.039301842,-0.227564,-0.97296965,0,0.71501756,-0.6865891,0.13170138,0,172.69986,286.9867,242.30621,1],[0.2309973,-0.89723027,-0.37632143,0,0.93856776,0.3074101,-0.15681005,0,0.25637972,-0.31698048,0.9131224,0,-312.99936,-285.5566,-336.4734,1],[0.0046495423,0.33254415,0.9430762,0,-0.4451661,0.84517086,-0.29582638,0,-0.89543587,-0.41845012,0.15196702,0,-445.42694,-63.246605,195.72722,1],[0.8567195,0.105955854,0.5047823,0,0.32220203,-0.8741629,-0.36335284,0,0.4027626,0.47393328,-0.7830516,0,33.806904,-175.7124,580.7201,1],[-0.95066744,-0.15142305,-0.27074417,0,0.23752259,-0.91669834,-0.3213208,0,-0.19953537,-0.3697771,0.90744174,0,-142.48845,-227.5197,301.6054,1],[-0.8724388,0.48335266,-0.072256066,0,-0.4878378,-0.85238963,0.18827213,0,0.029411511,0.19950514,0.9794554,0,-6.162813,-542.3221,-281.5016,1],[0.9692098,0.022865266,0.24517146,0,-0.23219383,-0.24655722,0.9409012,0,0.08196276,-0.9688582,-0.23365654,0,-420.13724,186.5105,281.14453,1],[-0.99494505,-0.09293212,-0.03805355,0,-0.022022787,0.5716368,-0.8202113,0,0.09797678,-0.81522703,-0.57079375,0,-225.01305,507.2628,-173.28288,1],[0.45801234,0.68638194,-0.5648933,0,-0.88429403,0.28686988,-0.36841512,0,-0.09082262,0.66827047,0.7383534,0,420.03006,-294.0062,-468.5463,1],[0.44836697,-0.22807845,0.86426115,0,-0.74051154,0.4467399,0.5020619,0,-0.5006094,-0.8651033,0.031408694,0,301.45715,-282.5059,-28.257713,1],[-0.929191,0.13700962,-0.34326723,0,0.36534625,0.19998562,-0.90913576,0,-0.05591184,-0.9701722,-0.23588085,0,79.23055,-378.2824,556.46265,1],[0.8021102,-0.5763328,0.15639625,0,-0.22672965,-0.051624622,0.97258866,0,-0.5524608,-0.8155829,-0.17208037,0,-283.66025,384.5028,-397.77737,1],[0.28707525,0.11374053,-0.95113146,0,-0.19478059,0.9791129,0.05829703,0,0.9378958,0.16852629,0.30323353,0,193.95145,250.5077,-485.8313,1],[0.067991585,-0.3300163,-0.9415233,0,0.99549496,-0.04006487,0.085932374,0,-0.06608105,-0.94312453,0.32580554,0,113.067955,-234.7231,-423.1276,1],[0.093931705,-0.9933755,-0.06619932,0,0.9896553,0.10040882,-0.10247322,0,0.10844137,-0.055889018,0.9925308,0,669.76917,-172.6993,56.648506,1],[0.28020576,-0.033836238,0.9593435,0,-0.19993731,-0.9795184,0.023850024,0,0.93888754,-0.19849147,-0.2812318,0,-78.365776,459.91962,457.8243,1],[-0.034013964,-0.9964294,0.077275425,0,-0.9046914,0.06355526,0.42130053,0,-0.4247075,-0.055580318,-0.90362287,0,-362.05414,-464.6007,-43.205555,1],[0.7318683,-0.49045908,0.47309464,0,0.29045647,0.85254747,0.43450868,0,-0.6164444,-0.18058978,0.7664096,0,426.63306,140.6182,360.21902,1],[-0.4394719,0.53710276,-0.7199894,0,-0.89689237,-0.3065308,0.3187831,0,-0.049479634,0.7858494,0.61643517,0,-216.59314,-204.7766,-43.979355,1],[-0.76595384,0.2206145,-0.6038575,0,-0.52648205,-0.7543027,0.3922297,0,-0.3689598,0.61835,0.6939106,0,-146.90324,-209.7773,610.4502,1],[-0.68697655,-0.41751063,0.5947676,0,0.16579367,-0.8869375,-0.43110865,0,0.7075139,-0.1975528,0.67852575,0,280.11804,285.8505,137.59781,1],[0.8738221,0.46194595,0.15179199,0,0.39537215,-0.856725,0.3312145,0,0.28304717,-0.2294082,-0.93126583,0,471.99554,409.5135,226.70251,1],[0.9510809,0.088650174,-0.2959498,0,0.13285868,-0.98220503,0.13274789,0,-0.2789152,-0.16557348,-0.9459343,0,-126.101845,287.9057,-532.57996,1],[0.48918614,0.60716635,0.626136,0,0.6579806,-0.7281424,0.19201678,0,0.5725022,0.31805336,-0.7557007,0,-211.42804,-287.5508,219.77731,1],[-0.9833325,-0.033938445,0.17862071,0,-0.07848442,-0.8069443,-0.5853897,0,0.16400419,-0.58965164,0.79083097,0,360.08636,-50.438618,-374.44788,1],[0.48320428,0.74798286,-0.45501116,0,-0.25436032,0.61723083,0.7445313,0,0.83774364,-0.24402395,0.4885058,0,251.22775,-6.145677,54.472366,1],[-0.83250785,-0.55394876,-0.00846009,0,0.4282536,-0.65314305,0.62450236,0,-0.3514679,0.51628,0.78097725,0,332.25555,395.501,-142.95119,1],[-0.090149075,0.99206805,-0.087602794,0,0.5852536,-0.018400341,-0.8106415,0,-0.80582345,-0.1243484,-0.57895267,0,579.5101,-347.0644,20.238726,1],[-0.50531936,-0.82410145,-0.25594735,0,-0.44812167,-0.0028687418,0.8939679,0,-0.73745453,0.5664349,-0.36784813,0,-404.63196,-167.83319,-95.213936,1],[0.9343454,-0.04179457,0.3539098,0,-0.2999446,0.44403914,0.844312,0,-0.19243741,-0.8950322,0.4023498,0,-47.797165,43.33486,-440.7801,1],[0.68526226,0.08946105,0.72278094,0,0.07919898,-0.9956952,0.048152708,0,0.7239773,0.02424629,-0.6893975,0,-315.64215,-323.0613,60.762947,1],[-0.5443513,0.3779205,-0.74890417,0,-0.44247633,0.62911034,0.63908887,0,0.71266824,0.6792613,-0.17523621,0,-109.11455,-272.8823,545.5037,1],[0.043556564,-0.96125853,-0.27218583,0,-0.28763583,0.24884254,-0.9248477,0,0.9567491,0.118573576,-0.26565367,0,105.92036,-382.2879,144.89871,1],[0.40310264,0.5700571,0.7159212,0,0.32213518,0.6438421,-0.6940434,0,-0.8565846,0.5103941,0.07589899,0,14.807744,-326.7064,312.11472,1],[0.71546996,0.37655115,0.58848256,0,-0.4116813,-0.45331955,0.7905818,0,0.5644652,-0.80790496,-0.16931748,0,390.45795,176.365,108.89571,1],[0.65746045,0.7517939,0.050514296,0,0.637194,-0.5189545,-0.5697983,0,-0.4021563,0.40680724,-0.8202306,0,223.31155,-390.3761,-3.6424959,1],[0.6987684,-0.67500764,-0.23682815,0,0.71514624,0.6513128,0.2536878,0,-0.01699198,-0.34663576,0.93784595,0,626.7007,10.9001255,136.46532,1],[-0.78096485,0.47020677,0.4110956,0,0.2687265,0.84712815,-0.45843217,0,-0.56380856,-0.24754712,-0.7879343,0,629.08954,-207.4697,-28.631495,1],[-0.87888914,0.34641525,-0.32794878,0,0.32044986,0.9380173,0.13204373,0,0.35336354,0.010960668,-0.9354219,0,-124.28225,510.2549,282.42163,1],[0.43144897,-0.5374716,-0.72455215,0,0.59872097,0.7713716,-0.21568185,0,0.674822,-0.3407489,0.6546031,0,358.71906,-335.6078,-115.503685,1],[-0.5238924,0.51787835,0.67626816,0,0.7696604,-0.05231811,0.63630617,0,0.3649103,0.85385287,-0.37118143,0,-179.34435,-229.6938,-426.5157,1],[0.3963681,-0.6184684,-0.6785199,0,-0.37703204,-0.78351194,0.49391904,0,-0.83710176,0.06004998,-0.5437415,0,-468.38544,71.91058,-157.51819,1],[-0.73462504,-0.16405188,0.6583413,0,0.3632319,-0.9146544,0.17739812,0,0.57305217,0.3694516,0.73151684,0,-306.63995,561.7245,70.32387,1],[-0.27878076,0.9577862,-0.070191026,0,-0.54796493,-0.09861979,0.83066756,0,0.7886797,0.2700364,0.5523266,0,-194.07675,-259.3431,-356.7985,1],[-0.15778258,0.553125,-0.8180203,0,-0.635648,-0.6908375,-0.3445212,0,-0.7556825,0.46561363,0.46059504,0,-386.77344,212.8277,433.84943,1],[0.9644785,-0.24559052,-0.0972966,0,-0.24156745,-0.9690242,0.05135407,0,-0.10689484,-0.0260262,-0.9939296,0,183.60416,-251.4299,-445.43448,1],[0.7051709,-0.24411961,-0.6656873,0,0.41643986,0.902461,0.110191196,0,0.57385695,-0.35492235,0.7380504,0,-309.26315,-140.1219,337.65833,1],[0.824628,-0.42345494,-0.37506625,0,0.26646984,-0.2940784,0.9178844,0,-0.49898157,-0.856857,-0.12966728,0,71.468315,185.5787,-593.7445,1],[-0.8360466,-0.034128934,0.54759574,0,0.5396769,-0.2310037,0.8095591,0,0.09886727,0.97235394,0.21154845,0,-188.16154,-235.3252,527.315,1],[0.50644815,0.24113415,0.8278677,0,0.6631718,-0.7225555,-0.19523574,0,0.5511022,0.6478952,-0.5258502,0,-258.45935,555.3975,-19.223705,1],[0.42904,0.36138391,0.82784444,0,0.39948386,0.7460689,-0.53272307,0,-0.8101465,0.55927,0.17572635,0,202.37915,-260.6677,-576.4762,1],[-0.7761506,0.62855375,0.05010137,0,-0.29425314,-0.4313301,0.8528594,0,0.55767834,0.6472049,0.51973116,0,-317.30655,-494.495,224.19691,1],[0.8999623,0.4343469,-0.037555546,0,-0.37384737,0.7245424,-0.5790306,0,-0.22428957,0.5351458,0.81444037,0,464.67307,73.87271,-384.59198,1],[-0.29667598,0.2892784,-0.9101104,0,0.77358985,-0.4859997,-0.40664816,0,-0.559948,-0.8246951,-0.07959843,0,-363.28244,376.1051,3.4329863,1],[-0.6222859,0.77461565,0.11283162,0,-0.24163935,-0.052986473,-0.9689185,0,-0.74456084,-0.6302088,0.22015032,0,-11.448727,-425.3147,130.78452,1],[0.88453925,-0.37662748,0.27521265,0,0.17476377,0.814595,0.5530757,0,-0.43249035,-0.44111994,0.78636205,0,-107.52225,-468.92828,251.69083,1],[0.08823857,-0.039814815,0.9953033,0,-0.2003236,-0.9794955,-0.021422781,0,0.97574806,-0.19749242,-0.094405144,0,-348.62405,-562.0257,-58.236675,1],[-0.023972481,0.6472758,-0.7618787,0,-0.9899552,-0.12158647,-0.07214829,0,-0.139334,0.75249624,0.6436888,0,394.95425,-482.0953,206.96661,1],[0.3265035,-0.94283104,-0.066820264,0,-0.41587302,-0.079813495,-0.90591353,0,0.8487903,0.3235727,-0.41815743,0,-325.88284,-214.9466,248.77802,1],[-0.28263554,-0.026579589,-0.9588591,0,0.9495243,0.13406974,-0.2836004,0,0.13609195,-0.9906154,-0.012654901,0,-122.35685,-464.34158,298.91483,1],[0.31055582,0.009199858,0.9505107,0,-0.9340141,0.18868738,0.30333966,0,-0.17655867,-0.9819942,0.06719075,0,472.25696,394.1494,-151.24878,1],[-0.012458295,-0.6858346,0.7276508,0,0.18964513,-0.71612,-0.67171943,0,0.9817737,0.12962696,0.1389868,0,351.81674,-140.2675,247.51901,1],[0.858251,-0.052468523,0.51054126,0,-0.30448216,0.7487352,0.5888009,0,-0.41315368,-0.6607896,0.62662697,0,413.18555,-6.327853,139.56071,1],[0.3068023,0.9470579,0.09462505,0,0.9461191,-0.2926478,-0.13862196,0,-0.103591196,0.13205609,-0.9858145,0,326.45905,413.4872,344.65723,1],[0.16595492,-0.64821935,-0.74314904,0,-0.9720881,0.019201789,-0.23382899,0,0.1658423,0.7612114,-0.6269397,0,-309.22586,-295.8699,-515.88086,1],[-0.38575807,0.26414207,0.8839795,0,0.2954109,0.94305867,-0.15288176,0,-0.87402695,0.2021618,-0.44182292,0,-99.63775,404.4694,-439.9101,1],[0.68354136,-0.42447096,-0.59379756,0,0.7233607,0.5026862,0.47334528,0,0.09757252,-0.75308096,0.65065247,0,-500.93396,285.4739,-249.73799,1],[0.18334725,-0.26409695,0.9469089,0,0.3176013,-0.89566755,-0.31130177,0,0.9303295,0.3578158,-0.08034065,0,-100.31865,-600.0544,99.599014,1],[-0.72855633,-0.28242305,0.6240536,0,0.51162374,-0.8301387,0.22160979,0,0.45546332,0.48073584,0.74929714,0,158.88585,391.2654,312.54022,1],[-0.9971838,0.031381246,0.06811495,0,0.035241473,-0.6056468,0.7949528,0,0.06620021,0.7951146,0.60283524,0,86.85202,595.42,-173.12929,1],[0.63771796,0.6460631,0.41942608,0,-0.71051717,0.2831138,0.6442141,0,0.29745764,-0.7088364,0.63958573,0,-481.15085,-404.7474,-194.61528,1],[0.96102005,0.20989046,-0.17996265,0,0.022444487,0.58953506,0.8074309,0,0.27556634,-0.77999645,0.56184417,0,-425.88306,364.1317,89.6736,1],[-0.2901866,-0.84728163,0.44486612,0,0.21173447,-0.51019406,-0.8335891,0,0.93325263,-0.1477029,0.32745016,0,-114.786644,87.7557,379.1217,1],[0.32587078,-0.22912203,0.9172302,0,-0.30567074,0.8925456,0.33155367,0,-0.894636,-0.3884141,0.22081865,0,280.67596,71.45231,418.56372,1],[0.81499887,-0.5732146,0.08486439,0,0.46169037,0.7308557,0.5026848,0,-0.35016984,-0.3705064,0.8602941,0,417.85916,-151.9438,-139.98488,1],[0.8888424,0.13721374,0.43718594,0,0.44892994,-0.451855,-0.7709013,0,0.09176642,0.8814757,-0.46322727,0,359.59015,-452.01,-157.27048,1],[0.42323905,-0.2755232,0.8631081,0,-0.4422791,-0.89425117,-0.06858602,0,0.79073244,-0.3527064,-0.50034016,0,-246.40575,541.6995,109.01762,1],[-0.74337184,0.57750434,0.33747146,0,-0.6645381,-0.69503963,-0.27442473,0,0.07607454,-0.4282623,0.90044653,0,-312.29385,-71.511696,-370.74307,1],[-0.28465283,-0.89425236,0.34537736,0,-0.89084095,0.11368388,-0.43986174,0,0.35408357,-0.4328842,-0.8289971,0,-285.11826,-274.3263,-497.007,1],[0.76403236,0.61927056,-0.18099341,0,0.50853825,-0.40539828,0.75963223,0,0.39704344,-0.6724256,-0.62466013,0,479.16116,-271.8911,375.25922,1],[-0.67297584,0.64414823,-0.3635611,0,0.2024136,0.633141,0.74710196,0,0.7114298,0.4291919,-0.55647296,0,7.0751047,128.97751,592.5836,1],[-0.2886178,0.18104324,0.94017196,0,0.8987253,0.38982168,0.20082873,0,-0.33014068,0.902919,-0.27521756,0,352.48865,154.5245,9.8393955,1],[-0.05637533,0.2979999,0.9528999,0,-0.32688615,0.8963043,-0.29964003,0,-0.9433809,-0.32838205,0.046882574,0,540.9341,-396.736,-78.57492,1],[-0.6689161,-0.13859883,-0.7303022,0,0.7195809,-0.3671332,-0.5894203,0,-0.18642524,-0.9197844,0.34531444,0,338.22696,-470.3545,-337.1236,1],[-0.47234452,0.82965636,-0.29759178,0,0.0401181,-0.31704348,-0.9475621,0,-0.88050044,-0.45951462,0.1164695,0,59.535915,-600.777,344.78812,1],[0.27759644,0.388151,-0.8787941,0,-0.73353654,0.67633796,0.06701693,0,0.62037444,0.6260239,0.47247198,0,-342.43576,70.113075,466.3312,1],[-0.34533632,-0.4943336,-0.7977326,0,-0.5715849,0.784969,-0.23898673,0,0.74433446,0.37344104,-0.5536319,0,368.94836,249.6159,-183.00838,1],[-0.24184787,-0.19022489,-0.95148516,0,0.9277719,-0.33250827,-0.16934398,0,-0.28416324,-0.9237168,0.2569018,0,233.67226,-77.51025,491.38083,1],[-0.27786005,-0.24592504,-0.92860913,0,-0.59326136,0.8042283,-0.0354684,0,0.7555362,0.5410526,-0.3693607,0,603.46014,-132.6396,-164.17519,1],[0.4688431,0.85677737,0.21475309,0,-0.5142279,0.067079976,0.85502636,0,0.7181616,-0.5113052,0.47202876,0,339.75226,115.726204,-496.02417,1],[-0.6043463,-0.12231481,-0.78727674,0,-0.5458171,-0.65627104,0.52095306,0,-0.58038723,0.7445451,0.32985348,0,-627.0286,-230.1953,35.044487,1],[-0.36161467,0.11209375,0.9255647,0,0.676105,-0.6520366,0.34311885,0,0.6419634,0.7498557,0.15999883,0,410.09766,190.56331,194.36601,1],[-0.53947634,0.7941561,-0.27978814,0,-0.751662,-0.6039707,-0.26499742,0,-0.37943316,0.06734628,0.92276484,0,249.95926,28.536263,-214.17238,1],[-0.1642915,-0.85778725,-0.4870416,0,0.98528254,-0.11908418,-0.12262742,0,0.047189295,-0.50002015,0.8647272,0,-158.31764,132.1227,418.5964,1],[0.0019258857,0.013378769,0.99990857,0,0.9742955,-0.22527075,0.0011375844,0,0.22526538,0.9742043,-0.013468742,0,50.156395,405.2801,-47.907253,1],[0.7693145,0.13409778,-0.6246381,0,0.43692377,0.6028875,0.66755086,0,0.46610364,-0.78647584,0.40521964,0,-295.88004,-75.56314,202.18771,1],[-0.4566952,-0.54953396,-0.6996012,0,0.6317878,0.35330123,-0.6899438,0,0.6263175,-0.75709355,0.18583786,0,-150.67854,-426.4801,411.68082,1],[0.836902,-0.18728071,0.514316,0,-0.47705448,0.21111013,0.8531422,0,-0.2683544,-0.95935315,0.08733539,0,-94.67464,374.2595,514.23883,1],[-0.8746842,0.11000362,0.47204494,0,-0.16012773,-0.9848049,-0.06721625,0,0.45747823,-0.13438049,0.87900805,0,-86.99151,508.766,239.48842,1],[0.17316818,0.75379914,0.6338767,0,0.38972658,0.5386227,-0.7469932,0,-0.9045031,0.37639403,-0.20050326,0,147.60706,580.3847,-238.79129,1],[-0.22826186,-0.603748,-0.7637963,0,0.30725902,0.69974387,-0.64494216,0,0.92384434,-0.381899,0.025782198,0,-172.92955,9.577181,503.2614,1],[-0.8177786,0.052399326,-0.57314235,0,-0.009517249,0.9944793,0.10449943,0,0.57545394,0.09091215,-0.81276536,0,-276.00143,-620.8003,14.835636,1],[0.3935863,-0.615878,0.6824839,0,0.07771796,-0.71745515,-0.6922559,0,0.9159967,0.32550365,-0.2345157,0,-305.10556,320.5519,-319.6786,1],[-0.29290792,-0.14496201,0.94508773,0,0.70012814,-0.7056874,0.1087468,0,0.65117234,0.6935353,0.30819342,0,434.68796,-344.0813,-395.05157,1],[-0.27417824,-0.6646625,-0.695018,0,-0.14395589,0.7429365,-0.65369874,0,0.9508433,-0.079178035,-0.29937908,0,-243.37465,-100.5197,-444.27887,1],[0.0874396,0.8963181,0.43470475,0,-0.37796882,-0.37389454,0.84696066,0,0.92167985,-0.23836279,0.30608705,0,-581.1387,-2.870449,-165.90158,1],[-0.5187249,-0.5010728,0.69271255,0,0.3080795,0.6462567,0.69816864,0,-0.79750335,0.57556796,-0.18085921,0,191.73985,441.4442,-259.3632,1],[0.04127869,-0.21555997,0.9756177,0,0.44909328,-0.86825234,-0.21083918,0,0.89253086,0.44684651,0.060966194,0,-375.74066,4.192771,306.871,1],[0.85061103,0.44629982,-0.27798796,0,0.053824693,0.45201194,0.89038646,0,0.5230332,-0.7723352,0.3604644,0,98.582054,544.6978,249.67722,1],[0.5814359,0.66116685,-0.47412086,0,0.4909156,-0.74981654,-0.4435955,0,-0.6487943,0.025169015,-0.7605474,0,-533.99854,-208.4564,260.52753,1],[0.651613,-0.23587054,0.7209476,0,-0.1403099,-0.97150457,-0.19102854,0,0.74546194,0.0233206,-0.66613996,0,479.39957,-168.2966,331.42203,1],[-0.017217517,0.6629362,0.7484779,0,0.33759847,-0.70077133,0.6284479,0,0.9411327,0.2635053,-0.2117407,0,90.45053,278.5617,-522.3503,1],[-0.26819956,0.625366,0.73279375,0,-0.035076886,-0.76649666,0.64129007,0,0.96272475,0.14628956,0.22750992,0,264.87106,568.1111,21.002707,1],[-0.80769324,-0.015710521,-0.58939373,0,0.017790824,-0.9998392,0.0022709195,0,-0.5893346,-0.008651594,0.8078428,0,497.70334,-46.816288,-369.5156,1],[0.12532055,-0.99211395,0.0021544993,0,0.25870645,0.034775287,0.9653298,0,-0.95779216,-0.12041825,0.26102436,0,-253.74225,-276.271,519.838,1],[-0.4534364,0.78020436,-0.43090183,0,0.3635791,-0.27949086,-0.8886478,0,-0.8137601,-0.55961215,-0.15693465,0,-536.51544,25.619343,29.012905,1],[0.053064853,0.063013405,0.9966009,0,0.4288359,-0.9027331,0.034244567,0,0.9018225,0.42556107,-0.07492584,0,-357.36975,-494.2505,169.88852,1],[-0.7787268,0.4484083,0.43876517,0,0.24491273,-0.42659938,0.8706498,0,0.57758343,0.7854574,0.22238344,0,335.39825,-177.7086,551.9538,1],[-0.6986973,-0.15741193,-0.6978849,0,0.689144,0.11384693,-0.71562517,0,0.19209999,-0.9809487,0.028934985,0,349.22696,-357.6928,358.8283,1],[0.4436017,-0.548655,0.7086575,0,0.5906274,0.7736852,0.22928275,0,-0.6740749,0.31684226,0.6672586,0,166.97676,-526.8524,-42.925335,1],[0.9659793,-0.10008114,0.2384695,0,0.24211907,0.025880631,-0.9699013,0,0.0908971,0.9946426,0.04923171,0,462.83984,347.1311,-216.63048,1],[0.4842401,0.59313506,0.6431972,0,-0.08761954,0.76431626,-0.6388614,0,-0.87053704,0.2530056,0.42208272,0,-278.10565,-509.7056,-155.78648,1],[-0.90295553,0.08536783,-0.42116904,0,-0.42937008,-0.21953136,0.87604064,0,-0.017674163,0.9718632,0.23488146,0,457.81827,-424.6893,-197.29068,1],[-0.2795169,-0.8646183,-0.41749904,0,0.6320621,-0.49302092,0.5978527,0,-0.7227502,-0.09677532,0.6843001,0,516.0928,274.8978,-129.17188,1],[0.09035584,-0.68516815,-0.7227589,0,0.8140327,0.46890554,-0.3427513,0,0.5737479,-0.5573798,0.60011756,0,107.603355,-500.5859,288.13672,1],[0.19382748,-0.56022483,0.8053442,0,-0.420482,-0.78912675,-0.44774327,0,0.8863555,-0.25184777,-0.3885189,0,140.90675,466.3497,-235.68799,1],[-0.5075737,-0.51393163,0.69155127,0,-0.4422675,-0.5334141,-0.72101927,0,0.7394379,-0.6718211,0.043451726,0,442.69376,-417.7253,222.25372,1],[-0.6306271,-0.77076316,-0.09073931,0,0.21137354,-0.28307772,0.935515,0,-0.7467468,0.5707812,0.34143543,0,432.54196,-414.7745,-142.18239,1],[-0.49884576,0.16523987,-0.850793,0,0.8556616,0.25000733,-0.4531442,0,0.13782698,-0.95403993,-0.26610452,0,263.99356,513.6876,344.72,1],[0.63825625,-0.45297557,-0.6224486,0,-0.6445661,-0.75653917,-0.11037795,0,-0.42090815,0.47165865,-0.7748385,0,575.202,-56.376057,203.55092,1],[0.5698562,0.63616776,-0.5201486,0,0.6952032,-0.7107143,-0.10759942,0,-0.43812832,-0.30029273,-0.8472708,0,393.13974,-378.2745,231.51152,1],[-0.80117255,-0.57254994,0.17409517,0,0.59073865,-0.80316657,0.07714526,0,0.0956579,0.16465141,0.9817023,0,237.35075,-58.34966,584.3258,1],[-0.69815654,0.28989655,-0.6546278,0,-0.5051483,0.44849026,0.7373478,0,0.5073488,0.8454682,-0.16667569,0,452.62634,-171.8861,-433.76767,1],[0.5860637,0.5592865,-0.58628315,0,0.20320848,-0.8018984,-0.5618409,0,-0.7843695,0.21013686,-0.58361536,0,-487.53204,405.135,42.432316,1],[-0.6460346,0.66720355,0.37078124,0,0.3059079,-0.2187292,0.92659473,0,0.699328,0.7120372,-0.062796265,0,-428.76443,243.1028,369.8316,1],[0.70373213,-0.17918894,0.6874972,0,-0.29828888,-0.952772,0.057002798,0,0.64481384,-0.24518748,-0.72394633,0,-293.21045,-91.40206,-407.6153,1],[0.6583822,0.7166273,0.23017003,0,0.67095274,-0.4201914,-0.6109514,0,-0.34110898,0.5566727,-0.75746953,0,-454.93655,238.5665,-364.8336,1],[0.53719157,-0.7245699,-0.43176848,0,0.30762127,-0.30833673,0.9001655,0,-0.7853628,-0.6163824,0.05725719,0,-2.8129213,-286.4891,270.51523,1],[0.7189008,0.5070232,0.4755094,0,0.16592453,0.53913164,-0.82571554,0,-0.67501915,0.6725062,0.30345455,0,-310.42096,305.3083,-271.4149,1],[-0.119273216,-0.5269903,0.8414603,0,0.26980433,-0.8328215,-0.48333645,0,0.9554997,0.16938053,0.24151751,0,-437.36496,-444.2299,-261.7417,1],[0.16000271,0.06634164,-0.9848846,0,0.8272581,-0.5533638,0.09712052,0,-0.53855634,-0.8302934,-0.14342138,0,277.32904,601.0462,40.856445,1],[-0.18721735,0.9276112,-0.32324523,0,-0.73003227,-0.35156244,-0.586052,0,-0.6572692,0.12626033,0.74300456,0,-90.45094,-418.3142,416.45453,1],[0.27129993,0.9624778,0.005735278,0,0.9522041,-0.26926348,0.14423771,0,0.14036989,-0.03367052,-0.9895264,0,-363.57153,171.5096,-507.7082,1],[0.80887073,-0.21156263,-0.54860705,0,-0.36120737,0.5574282,-0.7475316,0,0.4639587,0.80281717,0.3744693,0,107.32115,127.8559,-572.0104,1],[-0.69205576,-0.71788687,-0.07548061,0,0.47209245,-0.5292324,0.70501196,0,-0.54606557,0.45227373,0.7051673,0,558.9277,126.2451,-47.893505,1],[-0.85739684,0.41190416,0.3085546,0,-0.25056058,-0.8577701,0.448832,0,0.4495446,0.30751547,0.8386562,0,164.27356,-132.6076,-330.28177,1],[-0.008090562,-0.82984436,-0.5579363,0,-0.708079,0.3987316,-0.582784,0,0.7060869,0.39034793,-0.5908213,0,211.58516,-322.4859,-434.03238,1],[0.3970429,-0.4631686,0.79235846,0,-0.060295433,0.8482953,0.5260796,0,-0.91581744,-0.25665176,0.30888262,0,-452.47806,185.0141,-468.83197,1],[-0.011412531,0.8206469,-0.5713217,0,-0.5018003,-0.4989055,-0.70660436,0,-0.8649082,0.2786253,0.41749462,0,33.434834,-510.1211,359.89212,1],[0.928415,-0.1782266,0.32600754,0,0.3404256,0.75957173,-0.55422145,0,-0.14884907,0.62552875,0.76587063,0,550.27234,-107.645,332.27322,1],[-0.93479717,-0.3430453,-0.09205389,0,0.27557325,-0.86400723,0.4213675,0,-0.2240834,0.3685256,0.90220577,0,662.39874,-185.73799,-7.3587704,1],[-0.3916621,-0.79075205,-0.47043806,0,-0.7443546,-0.028244764,0.6671869,0,-0.5408669,0.6114846,-0.5775376,0,-107.32555,-193.1833,-404.0529,1],[-0.48984337,0.8098414,0.32281664,0,-0.76502013,-0.22171348,-0.60463834,0,-0.4180883,-0.5431392,0.72814983,0,-77.251045,171.7532,414.82132,1],[-0.27337024,0.057422653,-0.9601933,0,-0.27185607,-0.96213293,0.019859686,0,-0.92269325,0.26646346,0.2786292,0,519.94617,-231.662,-67.0367,1],[0.28738886,0.6263983,0.7245915,0,-0.4706426,0.75123113,-0.46276066,0,-0.83420813,-0.20803139,0.5107052,0,-25.452736,-412.348,-528.86707,1],[-0.20079502,-0.37394753,0.9054528,0,0.12795326,0.9063481,0.4026925,0,-0.9712412,0.19671428,-0.13414237,0,-355.16113,-51.34636,197.61801,1],[-0.37903184,-0.8077259,-0.45156807,0,-0.08759791,-0.4544703,0.8864442,0,-0.92122823,0.37554696,0.10150364,0,-588.3168,54.58134,-170.81229,1],[0.41721582,-0.616195,0.66800797,0,-0.8815592,-0.45304155,0.13269079,0,0.22087196,-0.64424926,-0.7322285,0,-293.87976,-445.24908,-123.09658,1],[0.46292782,0.30883348,-0.83085465,0,-0.5846057,-0.5982009,-0.54807985,0,-0.6662836,0.7394439,-0.09637806,0,-400.08685,-56.35713,-194.53458,1],[-0.6300388,0.399426,0.6659655,0,0.5282763,0.84902006,-0.009439126,0,-0.5691883,0.34586674,-0.74592286,0,-31.040546,-54.8242,504.8935,1],[-0.48202166,0.8497908,0.21333238,0,0.82880855,0.36328784,0.42555666,0,0.2841331,0.38193923,-0.8794265,0,420.71216,173.3244,151.65282,1],[-0.3389536,0.09914449,0.93556434,0,0.89436543,0.34252328,0.28772914,0,-0.29192585,0.93426335,-0.20477094,0,174.05916,179.4071,-286.05438,1],[-0.29037023,0.67564255,-0.67763716,0,0.84326595,0.51539755,0.15253772,0,0.4523136,-0.52713597,-0.71940255,0,367.28546,281.66132,-256.0329,1],[0.2804879,-0.87718725,-0.38970378,0,-0.19023082,-0.44874954,0.87317586,0,-0.9408182,-0.17078158,-0.2927369,0,232.92426,-269.7238,25.099506,1],[-0.3639952,-0.23459959,-0.9013714,0,0.9051144,-0.31738818,-0.28290018,0,-0.21971637,-0.9188186,0.3278673,0,-352.02655,421.0676,-256.93588,1],[0.8254815,0.26606667,-0.4977839,0,0.44453788,-0.8499132,0.2829024,0,-0.34780216,-0.45481446,-0.81986433,0,-522.84247,-186.8348,-220.15628,1],[0.6098932,-0.025057778,-0.7920872,0,0.44849652,-0.8131217,0.37105766,0,-0.6533612,-0.581554,-0.4846791,0,-219.22754,-61.412018,278.0982,1],[0.3293315,-0.53519493,0.7778862,0,-0.4701166,0.6215291,0.6266513,0,-0.8188595,-0.5720732,-0.04691485,0,229.87366,322.6642,224.25092,1],[-0.3550867,-0.0076342523,-0.93480206,0,-0.7185786,0.64185274,0.26771188,0,0.59796154,0.7667898,-0.23339924,0,184.72885,430.691,-152.05188,1],[-0.48745164,0.7851182,-0.38207376,0,-0.5184605,0.09183085,0.85015637,0,0.70255935,0.61250025,0.36228967,0,11.632644,617.3911,220.91982,1],[-0.055319905,0.7282477,-0.6830776,0,0.10304868,-0.6763076,-0.7293757,0,-0.99313676,-0.11073926,-0.03763169,0,-522.4008,69.06991,-5.960331,1],[0.008748442,-0.447775,-0.8941036,0,0.97671866,-0.18783596,0.10362673,0,-0.21434623,-0.87419415,0.43570688,0,-189.64325,-112.1268,513.8095,1],[-0.56424516,-0.55471027,0.61149293,0,0.7715609,-0.09071481,0.62965417,0,-0.29380417,0.82708347,0.47917825,0,22.319164,-379.1861,335.0678,1],[0.011085942,0.9995422,0.028149635,0,0.77826947,0.009050474,-0.6278651,0,-0.6278324,0.028868496,-0.77781284,0,-599.8441,80.23369,141.67361,1],[0.045750618,-0.7951635,0.6046665,0,0.57824206,-0.4725031,-0.66511405,0,0.8145813,0.3800731,0.43817976,0,20.127733,620.3529,-265.8501,1],[-0.9501219,-0.15194051,0.27236503,0,-0.04664217,-0.79425746,-0.6057885,0,0.30837178,-0.58827657,0.7475544,0,588.36304,219.4368,60.176003,1],[-0.95080054,0.01972365,0.30917546,0,0.10412416,0.96026164,0.25895146,0,-0.29178187,0.2784038,-0.91507095,0,-469.39386,-229.213,199.41182,1],[0.4725682,-0.38137537,0.7945011,0,0.6852222,0.7259316,-0.059108526,0,-0.55421096,0.57234263,0.6043791,0,474.74747,-61.31141,461.8864,1],[-0.010206186,-0.9662948,0.25723583,0,-0.9886567,0.048301138,0.14221475,0,-0.14984614,-0.25286645,-0.9558268,0,-531.4127,84.81684,-176.31648,1],[-0.68292385,-0.6347678,0.36150336,0,0.042868465,0.45919985,0.8872979,0,-0.7292305,0.62145406,-0.28638703,0,12.204714,-110.285194,-418.4798,1],[-0.580798,0.12178919,0.80488575,0,-0.8012525,0.08908978,-0.5916566,0,-0.1437645,-0.98854965,0.04584071,0,248.20766,393.1801,194.80751,1],[0.51755273,-0.8515785,0.08338681,0,-0.1131227,-0.16469696,-0.97983587,0,0.8481406,0.49768376,-0.18157221,0,6.7718477,298.2773,583.029,1],[-0.60052043,0.7992051,-0.02542761,0,0.30937177,0.2029025,-0.92904246,0,-0.73733604,-0.5657755,-0.3690986,0,-544.87244,-106.0889,47.466835,1],[0.33740726,-0.0026319027,-0.94135505,0,0.46742314,0.8684783,0.16510904,0,0.8171119,-0.49572015,0.29426113,0,280.65967,506.0712,-63.140915,1],[-0.650741,-0.08381525,-0.75465953,0,-0.7554138,0.17188868,0.63230073,0,0.07672095,0.98154426,-0.17517021,0,-42.821735,63.61032,456.2326,1],[0.4653755,0.875184,-0.1322072,0,0.6503617,-0.43942872,-0.6196225,0,-0.6003793,0.20237464,-0.77368546,0,401.12186,-281.2494,-427.90958,1],[0.3316694,0.94310373,0.023461103,0,0.6067851,-0.2323035,0.76016223,0,0.72236204,-0.2378867,-0.6493094,0,386.91275,346.2286,-136.09778,1],[0.8080957,0.17762385,0.5616325,0,0.18476717,-0.98176765,0.044648036,0,0.5593232,0.06769136,-0.8261812,0,259.29504,-98.0402,-29.081684,1],[0.7789239,-0.02675122,0.62654763,0,0.5147893,-0.543305,-0.66318303,0,0.35814738,0.8391091,-0.40942198,0,98.92068,493.8875,-143.39989,1],[0.9222808,-0.029624306,-0.38538378,0,0.2707661,0.76104975,0.589482,0,0.27583325,-0.64801675,0.7099228,0,123.78745,589.878,176.62761,1],[-0.2662658,-0.59637517,0.7572577,0,-0.87706906,-0.17596525,-0.44697443,0,0.39981547,-0.7831813,-0.47620872,0,412.08444,331.9049,-291.15,1],[0.39127743,-0.89075637,0.23120362,0,-0.43854785,-0.4013521,-0.8041097,0,0.8090598,0.21323612,-0.5476793,0,439.90906,359.4752,5.4792957,1],[-0.6702548,0.7389554,-0.06857979,0,0.13093406,0.02678734,-0.991029,0,-0.7304892,-0.67322147,-0.11470878,0,-396.55334,-2.5374482,-457.89758,1],[0.39469963,0.9154202,0.07885426,0,0.07887992,-0.11926526,0.98972404,0,0.91541797,-0.38442373,-0.11928223,0,-89.447685,-241.4252,482.31433,1],[-0.13098356,-0.9680828,0.21367979,0,0.56284356,-0.2500484,-0.7878343,0,0.8161191,0.017074972,0.57763135,0,14.462844,-633.5144,-57.535522,1],[0.47235128,-0.7487699,0.4650032,0,0.1051684,0.57167697,0.8137107,0,-0.87511367,-0.33545363,0.3487793,0,-212.75674,-408.466,403.83762,1],[-0.4690038,0.5371615,0.7010655,0,0.8517522,0.06517279,0.51987547,0,0.23356672,0.8409577,-0.48809484,0,416.50464,-522.1913,131.16191,1],[-0.69711107,0.420709,-0.5805514,0,-0.7144036,-0.47595826,0.5129241,0,-0.06052652,0.7723131,0.6323519,0,204.10005,-17.693888,565.8755,1],[-0.3830697,0.90645075,0.17777774,0,0.15032938,-0.12871622,0.9802211,0,0.91140485,0.40221816,-0.086958885,0,-193.29074,-510.608,-48.164055,1],[-0.33017537,0.69852114,-0.6348642,0,-0.87149584,-0.48395836,-0.07924318,0,-0.36260083,0.5271174,0.7685493,0,102.81095,-593.8054,266.8392,1],[0.5138808,-0.84939396,0.12023431,0,-0.26233205,-0.28903434,-0.9206742,0,0.816767,0.44157553,-0.3713525,0,-65.58984,-521.773,-273.65918,1],[-0.51730126,0.6852942,0.512612,0,-0.046786904,-0.62073386,0.78262395,0,0.8545234,0.38086885,0.35316926,0,58.028713,-332.3524,355.578,1],[0.71645623,-0.50898933,-0.47709572,0,-0.27563664,-0.83476573,0.47664505,0,-0.64087045,-0.2099902,-0.73836917,0,-243.76875,-342.815,-441.07568,1],[0.6029113,0.75033426,-0.27110207,0,0.7755766,-0.63089365,-0.021310203,0,-0.18702635,-0.19741225,-0.96231467,0,-439.62173,2.8654957,-4.991058,1],[0.46412113,0.8646135,-0.19244486,0,-0.8500412,0.4958451,0.17767286,0,0.2490412,0.081124306,0.9650893,0,-350.85925,-139.7836,307.6311,1],[0.34431309,0.90745085,0.2407929,0,-0.87422603,0.4033994,-0.27018064,0,-0.34231135,-0.11748071,0.932213,0,-291.96234,-131.80429,-557.94806,1],[-0.94367105,0.15832543,-0.290548,0,0.031873986,0.9175056,0.3964437,0,0.3293465,0.3648515,-0.8708699,0,-144.06715,380.3638,-487.9965,1],[-0.103773266,0.81166935,0.57482517,0,-0.94389176,0.10181627,-0.3141684,0,-0.3135274,-0.57517505,0.7555622,0,-25.923397,-67.08853,-405.0423,1],[0.46076396,-0.8526151,0.24646294,0,-0.40749192,-0.4499292,-0.79467857,0,0.78844583,0.26572764,-0.554745,0,-525.70026,-366.2409,-2.4301538,1],[0.23906529,-0.97012806,0.041221768,0,0.79995763,0.17271274,-0.5746635,0,0.5503777,0.1703578,0.817351,0,-447.44345,294.7064,-168.45749,1],[0.40655228,0.8823456,-0.23702635,0,-0.85085446,0.46016023,0.25357315,0,0.33280924,0.098584175,0.9378269,0,-434.49084,-102.434395,369.35443,1],[-0.29746673,-0.8663308,-0.40122867,0,0.721252,-0.47926587,0.5000996,0,-0.62554693,-0.140624,0.7674085,0,-115.61514,-229.8081,363.0086,1],[0.49027818,-0.82572067,-0.27894923,0,-0.12522987,-0.38347372,0.91502213,0,-0.86252236,-0.41368267,-0.2914137,0,-42.778275,582.5477,-215.70648,1],[0.6276985,0.002760481,-0.77845156,0,-0.035608757,-0.99884504,-0.032254867,0,-0.77764165,0.047966026,-0.6268752,0,-386.46375,262.098,211.69142,1],[0.559123,-0.8259966,-0.07149169,0,-0.69835395,-0.42272982,-0.5775821,0,0.4468592,0.37286592,-0.813196,0,-12.827766,-623.535,-278.09738,1],[0.34835732,-0.79525006,-0.4962101,0,-0.5398866,0.2625234,-0.7997524,0,0.7662699,0.5464968,-0.3378929,0,-199.01105,4.614092,-396.07678,1],[0.043225855,0.92293125,0.3825304,0,-0.994688,0.07556009,-0.06990437,0,-0.09342097,-0.37747663,0.92129475,0,337.29337,-124.4964,-398.38507,1],[-0.5108805,-0.8589061,0.035798907,0,0.02901274,-0.058846742,-0.9978454,0,0.8591621,-0.508741,0.05498287,0,-175.69855,336.02332,-512.37427,1],[0.2676208,0.94413936,0.19230172,0,-0.40413067,0.2911675,-0.8671216,0,-0.87467563,0.15434477,0.45947814,0,569.98553,-192.4334,-144.59248,1],[-0.1942437,-0.9317645,-0.30673167,0,0.77705467,-0.33699754,0.53161883,0,-0.5987114,-0.13508366,0.78949165,0,-477.14053,-251.58679,-261.4347,1],[-0.6340257,0.13926697,-0.76066804,0,0.1979171,-0.92166513,-0.33370936,0,-0.747556,-0.36212957,0.55679613,0,-131.15985,-256.7534,-480.1461,1],[-0.6968648,0.24249093,0.6749651,0,-0.15710656,0.8666385,-0.47355634,0,-0.69978374,-0.43604612,-0.5658329,0,304.54355,573.7149,184.58612,1],[-0.13101247,0.7716502,-0.6224079,0,0.2607876,-0.57888305,-0.77258277,0,-0.956465,-0.26353422,-0.12539592,0,-133.14545,-548.5093,265.0768,1],[0.33557636,-0.8322021,0.44139308,0,-0.5808314,0.18610281,0.7924647,0,-0.7416354,-0.52230746,-0.42091745,0,231.73856,-507.8317,42.131477,1],[0.37482885,-0.88909817,-0.26269382,0,-0.91332245,-0.40278515,0.060054235,0,-0.15920326,0.21741408,-0.9630087,0,130.10666,398.5528,-344.56668,1],[0.33761743,-0.64905524,-0.68171966,0,-0.5384872,0.46084464,-0.7054457,0,0.7720401,0.60526806,-0.19391876,0,-425.50363,157.9315,-480.451,1],[-0.73145884,-0.5190919,0.44216675,0,0.53551894,-0.03588438,0.84376043,0,-0.4221223,0.85396475,0.30423152,0,-246.35805,-154.35919,-398.08737,1],[-0.12788522,0.990071,-0.058353007,0,-0.29912907,-0.09460032,-0.9495119,0,-0.94560426,-0.10397348,0.30825698,0,-524.63293,37.239773,-97.78005,1],[-0.6972236,-0.5981825,-0.39504033,0,0.36335513,-0.7699386,0.52456415,0,-0.6179419,0.22219856,0.7541721,0,95.33142,-381.7646,-195.55128,1],[-0.47606784,-0.8655135,-0.1557113,0,-0.83527094,0.38963878,0.38794893,0,-0.27510384,0.3147511,-0.9084326,0,384.77594,-206.73329,482.39243,1],[-0.42685685,-0.31090268,0.84919536,0,0.1696637,0.894836,0.4128956,0,-0.88826096,0.32032493,-0.32921794,0,90.08945,-304.5157,-532.6814,1],[0.23797403,0.78584856,0.57079816,0,-0.59281915,0.5830388,-0.5555459,0,-0.76937234,-0.20617454,0.60461414,0,-145.57405,-505.8138,57.432846,1],[0.43804002,0.86642146,-0.23965508,0,0.47197437,-0.4485525,-0.7589735,0,-0.76508886,0.21934971,-0.6054127,0,-613.2974,159.33661,20.521206,1],[-0.73082876,-0.58478034,-0.35202432,0,0.1769344,0.3358042,-0.9251647,0,0.6592294,-0.7384223,-0.1419476,0,-25.915136,-207.5912,501.2246,1],[0.26011902,0.63203746,0.72997725,0,0.4736777,0.5752568,-0.6668651,0,-0.84140813,0.51923823,-0.14974678,0,-341.14145,94.83215,-361.6515,1],[0.41474277,0.8473209,-0.33171603,0,0.58756065,-0.5277373,-0.613405,0,-0.6948098,0.059501976,-0.7167278,0,518.4169,259.2188,299.6535,1],[0.7747391,0.63111365,-0.038401395,0,0.0065586865,-0.068752974,-0.99761206,0,-0.63224685,0.7726373,-0.057404898,0,-379.15146,470.4569,-203.70128,1],[0.21134672,0.76643074,0.6065613,0,-0.6507083,0.5733943,-0.49779296,0,-0.72932255,-0.28948754,0.61990774,0,438.59805,-233.78369,143.25662,1],[0.79073644,-0.28882307,-0.5397382,0,0.04169801,0.9050641,-0.4232261,0,0.61073506,0.31215426,0.7277105,0,-330.89175,-73.537506,-235.76639,1],[-0.86475056,0.5021016,0.010025993,0,-0.02003719,-0.014547348,-0.9996934,0,-0.5018018,-0.86468625,0.022640526,0,311.22925,-39.764236,321.0645,1],[-0.83258045,-0.29003236,-0.47190127,0,-0.28404865,0.9549653,-0.0857753,0,0.47552702,0.0