(molecules:{"INNER_10":[[-0.59589803,0.6416259,0.48293042,0,0.15679303,-0.49683177,0.85356563,0,0.78760487,0.58435816,0.1954586,0,92.63577,-4.298115,8.268785,1],[0.2495707,-0.18707341,0.95011467,0,0.76467615,-0.5639092,-0.31189203,0,0.5941252,0.8043692,0.0023153601,0,-74.705956,101.1392,5.6729794,1],[-0.6223816,-0.058896407,0.7804949,0,0.20774356,-0.9738309,0.09217313,0,0.7546414,0.21950965,0.6183298,0,-117.603065,18.972015,88.10613,1],[-0.25811315,0.27094412,0.927344,0,-0.81287676,-0.57965016,-0.056895137,0,0.5221197,-0.7685018,0.36985952,0,-129.13968,20.172894,21.46175,1],[-0.32402456,-0.69857687,0.63796425,0,0.8347306,-0.528475,-0.15472212,0,0.44523346,0.48239455,0.7543624,0,67.39465,36.951042,90.65616,1],[-0.19020045,-0.95916516,-0.20934665,0,-0.20616005,0.24750689,-0.94669867,0,0.9598551,-0.13690358,-0.24481745,0,17.858648,-79.38241,25.007915,1],[0.24147004,0.58449197,0.7746364,0,-0.083602674,-0.7827602,0.61668235,0,0.96680033,-0.21367195,-0.14014804,0,-72.4052,-82.45579,-55.21399,1],[-0.081452735,-0.99063104,0.10961452,0,-0.005801568,-0.109506845,-0.9939691,0,0.9966603,-0.08159744,0.0031724183,0,98.276245,57.17293,-48.47306,1],[0.9811606,-0.035500728,0.18990451,0,0.092603676,-0.77627003,-0.6235619,0,0.16955407,0.62940013,-0.758358,0,18.684982,51.11561,135.48979,1],[-0.59831727,-0.6248147,-0.5016204,0,-0.0328654,0.64465034,-0.7637708,0,0.800585,-0.44049132,-0.40624025,0,-0.2897501,-56.722855,27.747417,1],[0.92959225,-0.049432486,0.36525974,0,0.08863599,-0.9319071,-0.35169986,0,0.35777357,0.35931265,-0.86191213,0,56.54186,100.75822,-87.56375,1],[0.72674215,-0.59409785,-0.3448094,0,0.24025029,0.6901053,-0.68266714,0,0.6435259,0.41328242,0.6442608,0,119.91624,-30.109333,-11.908615,1],[-0.0290419,0.8292826,0.55807424,0,0.0286976,-0.55738777,0.82975614,0,0.99916613,0.040113088,-0.007610821,0,27.991999,74.724266,75.512054,1],[0.038166158,-0.39448446,0.91810966,0,0.7663509,-0.5780761,-0.2802396,0,0.64128745,0.7142899,0.28025058,0,46.78595,-81.04527,-81.85251,1],[-0.4541139,0.8909036,0.008447617,0,0.38111562,0.18567553,0.90569055,0,0.8053145,0.41450623,-0.42385513,0,-90.23842,-54.361332,-97.931274,1],[-0.10550564,-0.45390987,0.8847793,0,0.40185598,-0.83332014,-0.37959087,0,0.9096045,0.31550485,0.27032638,0,-57.90385,-61.30346,-53.805256,1],[-0.12370501,0.96788025,0.2188718,0,-0.7829031,-0.23071972,0.57778126,0,0.6097211,-0.09988098,0.7862976,0,-34.628963,12.309372,23.341799,1],[-0.1537467,-0.50912434,0.8468497,0,-0.30936205,-0.78915024,-0.53060067,0,0.9384333,-0.34356123,-0.03617452,0,4.845929,28.697062,100.12851,1],[-0.61851996,-0.78575647,-0.0044444352,0,-0.7529854,0.59432155,-0.28247967,0,0.22460167,-0.17137271,-0.95926297,0,51.78019,-51.62698,121.13181,1],[-0.45977944,0.86390334,0.20560598,0,0.6513001,0.17065954,0.7393805,0,0.60366464,0.47386315,-0.6411261,0,-136.782,-36.121918,10.363447,1],[-0.03579523,-0.8539644,0.5190988,0,-0.60261834,-0.39592585,-0.69288814,0,0.79722637,-0.33762056,-0.5004423,0,-61.706184,123.08049,-34.523285,1],[0.84975517,-0.5010883,0.1637886,0,0.5262066,0.78736603,-0.32118735,0,0.031981647,0.35911724,0.9327443,0,-108.57936,32.95398,-89.8167,1],[-0.28151584,-0.31376177,0.9068089,0,-0.4981609,-0.7599069,-0.4175851,0,0.8201125,-0.56929356,0.05762196,0,1.9224286,0.3950715,-25.407421,1],[-0.16218247,0.68906593,0.7063179,0,-0.966953,-0.25368074,0.025455847,0,0.19672,-0.67884773,0.70743686,0,27.139627,-145.4896,1.1632562,1],[-0.23455366,0.06170156,0.970143,0,-0.9228662,-0.32772028,-0.20228028,0,0.30545455,-0.94275784,0.13381028,0,-30.537022,87.56697,78.85855,1],[0.03573523,-0.82173586,0.568747,0,0.9085326,-0.21034932,-0.36100093,0,0.41628298,0.52962565,0.73905694,0,92.310585,-84.34006,-33.909916,1],[0.4619294,-0.22908306,0.85682094,0,0.75350887,-0.40819195,-0.5153676,0,0.46780938,0.8836856,-0.015939746,0,-5.3453565,23.058092,43.754448,1],[-0.39058554,-0.91879576,0.057072774,0,-0.83203125,0.32581306,-0.4489653,0,0.39391237,-0.2228457,-0.89172465,0,-17.385471,-30.677425,-45.70041,1],[0.18967777,-0.84909153,-0.49301726,0,0.13477753,0.51989603,-0.8435302,0,0.972552,0.093551286,0.21305117,0,64.83328,33.67635,78.475,1],[-0.7802819,-0.47359997,0.4084888,0,-0.1842383,-0.4500975,-0.87376684,0,0.59767574,-0.7570438,0.26394773,0,92.162094,41.360985,35.305523,1],[0.87267774,-0.4065185,0.2705111,0,0.07822608,-0.43044338,-0.8992214,0,0.48198986,0.8058915,-0.343838,0,25.153006,98.85739,10.546303,1],[-0.75658673,0.5065305,0.41352555,0,0.048916455,-0.5867896,0.8082606,0,0.65206116,0.6317474,0.41917953,0,-20.68094,8.189893,22.676289,1],[-0.059471555,0.9141844,0.40091163,0,-0.47605738,-0.3789829,0.7935624,0,0.877401,-0.14366253,0.4577429,0,-69.23908,-70.69037,12.472307,1],[-0.4251109,0.74297464,0.5169811,0,0.16189475,-0.49953723,0.85103035,0,0.89054525,0.44547883,0.09207502,0,39.26171,-25.114845,114.46309,1],[-0.22166993,0.9635664,0.14967349,0,-0.92376107,-0.2566636,0.28423446,0,0.31229454,-0.07525632,0.9469998,0,97.37506,12.778652,-46.483253,1],[0.21050873,-0.52039415,0.82757235,0,0.29250848,-0.77422905,-0.5612559,0,0.9328048,0.3602212,-0.010762273,0,15.873098,19.198751,126.47055,1],[-0.32679176,0.3995938,0.8564648,0,-0.831776,-0.55187124,-0.05988948,0,0.44872683,-0.73195827,0.5127195,0,-72.14027,24.60748,19.477917,1],[-0.05032276,-0.06668359,0.99650437,0,0.14107811,-0.98823845,-0.059006065,0,0.9887186,0.1376156,0.059138484,0,-122.54845,-59.6593,-23.689842,1],[-0.4502396,0.42865545,-0.7832872,0,0.15019925,0.9010904,0.40678775,0,0.88018435,0.0655028,-0.4700903,0,-25.594282,-47.95672,-61.481846,1],[0.053460862,-0.6298292,0.7748916,0,0.08923709,-0.7698832,-0.631915,0,0.9945746,0.10293179,0.015045501,0,-91.03038,40.95626,21.991575,1],[-0.011160519,0.5611504,0.8276386,0,0.013592929,-0.8275286,0.56125903,0,0.9998453,0.017513976,0.0016079711,0,-141.45549,-35.78628,15.305937,1],[-0.30074266,0.3825946,0.873599,0,-0.7530478,-0.6573421,0.028642297,0,0.58521175,-0.6492478,0.48580283,0,-66.54517,-109.768906,-17.670572,1],[-0.36092392,-0.66230416,0.6565723,0,0.8094445,-0.57212937,-0.13216488,0,0.46317765,0.48375738,0.74259365,0,-27.526474,88.68857,55.677437,1],[0.81524616,0.57340294,0.08113433,0,-0.57910067,0.80621403,0.12108427,0,0.0040184497,-0.14569843,0.9893209,0,-47.57706,35.51849,-129.04784,1],[0.5418185,0.81747496,0.19536477,0,-0.58318496,0.19826576,0.7877728,0,0.6052504,-0.5407637,0.5841632,0,-92.94666,59.5459,29.899906,1],[-0.63480675,-0.47656935,-0.6081956,0,-0.047487635,0.80970967,-0.5849061,0,0.77121025,-0.34242055,-0.53664035,0,-72.67692,-28.449976,-92.64908,1],[0.5189329,-0.6815287,-0.5159724,0,0.37611392,0.72408086,-0.57813954,0,0.76762426,0.105951235,0.63208175,0,-26.002085,-6.543553,-79.985405,1],[0.6903971,0.5556406,-0.4632661,0,-0.15348947,0.73830104,0.65677434,0,0.7069603,-0.3823286,0.5950058,0,72.223915,-48.183777,-109.19448,1],[-0.15780927,-0.96928865,0.18861544,0,0.92659384,-0.21138248,-0.31103247,0,0.34135026,0.12568611,0.9314951,0,-35.338177,-2.988267,40.739395,1],[0.77644694,-0.4092494,0.4792129,0,0.6009641,0.25199193,-0.7585131,0,0.18966326,0.876935,0.44160256,0,-95.097824,-99.742805,39.94199,1],[0.54814196,0.5123021,0.6611255,0,-0.8197579,0.17224178,0.54619575,0,0.16594379,-0.8413556,0.51437664,0,-50.658024,-14.347529,120.02099,1],[-0.23510706,-0.95938355,0.15590972,0,-0.50862044,-0.015255123,-0.8608557,0,0.82826924,-0.28169215,-0.4843755,0,-58.061207,29.519676,98.36966,1],[-0.36519936,-0.9256052,0.09942055,0,-0.6666879,0.1855045,-0.7218831,0,0.64973587,-0.32991374,-0.6848359,0,-52.064537,28.27853,-5.6691527,1],[-0.1885463,0.58137506,0.791488,0,0.83704346,-0.32637548,0.4391324,0,0.51362294,0.7453067,-0.42509934,0,-94.20551,51.306225,67.45612,1],[-0.9561276,0.29283684,0.008166319,0,0.030813834,0.07280915,0.99686974,0,0.2913256,0.9533863,-0.078638256,0,92.86723,-23.970366,12.466407,1],[0.3279118,0.64669317,0.6886667,0,-0.11667604,-0.69566864,0.7088242,0,0.9374756,-0.31278273,-0.15266436,0,-77.14194,44.590725,-24.74345,1],[0.34832674,0.19048813,0.9178141,0,0.17475119,-0.97516507,0.13606992,0,0.92094004,0.11299232,-0.3729641,0,-31.88299,16.077269,0.49574375,1],[-0.35692817,0.2650672,0.8957353,0,0.89973986,-0.16024382,0.40594348,0,0.25113833,0.95082134,-0.18129598,0,-53.093647,-98.81984,52.019226,1],[0.50913215,0.6283283,0.5882075,0,-0.82253724,0.15399013,0.5474664,0,0.2534105,-0.7625553,0.59522474,0,-128.24808,-14.350605,-60.012424,1],[-0.2070528,0.9383048,-0.27697146,0,0.16670804,0.31280446,0.93507314,0,0.96402156,0.14743614,-0.22118998,0,-66.90885,-37.222626,53.921986,1],[-0.20856488,0.7213769,0.6603908,0,0.71299595,-0.35003936,0.6075436,0,0.66943073,0.5975682,-0.44133294,0,-112.741325,-62.727894,33.11155,1],[0.9371387,-0.13628897,0.32124206,0,-0.15577419,-0.98715,0.035625342,0,0.31225878,-0.0834271,-0.94632673,0,-20.496296,24.714016,12.730551,1],[0.7030856,-0.14054722,0.6970776,0,-0.57513624,-0.6888852,0.44119778,0,0.41819727,-0.7111144,-0.56517905,0,80.76714,-86.90078,-63.514816,1],[-0.11186237,-0.17750391,0.97774184,0,-0.8604203,-0.4749484,-0.18466413,0,0.49715558,-0.86192596,-0.09959913,0,93.33462,-20.63402,-39.755665,1],[-0.49258152,0.86834836,-0.057746142,0,0.21339497,0.18484685,0.9593197,0,0.84369785,0.4602204,-0.2763533,0,8.045519,-78.22359,-94.83708,1],[0.7975423,-0.5583934,0.22830482,0,0.50169295,0.4037662,-0.76503396,0,0.33500817,0.72468585,0.60216266,0,-26.361252,66.23254,121.50371,1],[-0.1565092,-0.9502448,0.2693318,0,0.7826714,-0.28565308,-0.55301696,0,0.60243696,0.124246076,0.78843683,0,67.81236,-50.767853,111.81507,1],[0.57877827,-0.19319487,0.79226977,0,-0.56612486,-0.7944633,0.21984246,0,0.58695686,-0.57576364,-0.56919056,0,-12.071049,-112.725876,22.763586,1],[0.14642742,0.5489739,-0.82291347,0,-0.010534007,0.8326981,0.55362695,0,0.9891653,-0.07239759,0.12771273,0,-30.637836,-34.262146,-40.864815,1],[-0.44875827,0.7795024,-0.43702623,0,0.06043073,0.5143838,0.8554282,0,0.8916076,0.35747066,-0.2779399,0,-48.782658,-73.62378,-57.573975,1],[-0.13608588,0.9058769,0.4010831,0,0.44691202,-0.30518204,0.84091234,0,0.8841664,0.2936852,-0.36331633,0,21.976875,87.71742,111.093056,1],[0.0003927314,-0.99422044,-0.10735665,0,0.002571007,0.10735731,-0.9942171,0,0.9999966,0.00011444559,0.0025983106,0,86.761665,-106.22052,19.399525,1],[0.079333715,0.5867359,0.8058829,0,-0.13563384,-0.7945593,0.5918438,0,0.9875777,-0.15625815,0.016545907,0,-90.35447,-72.81196,-27.825022,1],[0.27551088,0.30725423,0.91087246,0,0.30124593,-0.927412,0.22171572,0,0.91287714,0.21331152,-0.3480712,0,78.66912,-32.723843,-81.59917,1],[0.0004082204,0.63750035,0.77045,0,0.0039502154,-0.77044505,0.6374942,0,0.99999213,0.002783205,-0.0028327748,0,54.010536,-95.3541,74.64087,1],[0.37578636,-0.11929778,0.9189955,0,0.87392265,-0.28428596,-0.39425975,0,0.3082918,0.9512884,-0.0025737458,0,116.80076,-59.63645,8.504891,1],[0.3160193,0.45281202,0.8337224,0,-0.017537892,-0.875818,0.48232272,0,0.94859064,-0.16704501,-0.26883402,0,121.29815,-46.71203,-34.35781,1],[0.2775349,-0.23159352,0.9323834,0,0.13997066,-0.9504062,-0.27773413,0,0.9504644,0.20758724,-0.23135462,0,26.62289,61.580837,-37.673805,1],[-0.20754515,-0.9641672,-0.165247,0,-0.0886928,0.18677658,-0.9783906,0,0.9741964,-0.188404,-0.12427927,0,-6.8124175,45.54734,-27.590418,1],[-0.025653398,-0.10033172,0.99462324,0,-0.77412343,-0.6275343,-0.0832682,0,0.63251466,-0.77209735,-0.061570756,0,-55.592216,8.03647,-136.16556,1],[-0.94826263,0.2851314,0.13963553,0,-0.31116256,-0.92200834,-0.23038778,0,0.06305434,-0.26191747,0.96302825,0,26.024473,135.49797,58.740913,1],[0.2556304,-0.15246442,0.95467675,0,-0.9187803,-0.34558246,0.19082811,0,0.30082506,-0.9259197,-0.22842272,0,17.394197,46.614967,9.798754,1],[-0.46137926,-0.4820591,0.74481416,0,-0.83500016,-0.04778233,-0.54817116,0,0.29983985,-0.8748348,-0.38047364,0,58.25046,-71.59842,-36.82319,1],[0.23304631,-0.92806613,0.29048687,0,0.81728816,0.025038183,-0.5756849,0,0.5270004,0.37157273,0.7643326,0,-80.64626,-12.8780365,63.741947,1],[-0.08370481,0.09141737,0.9922885,0,-0.17941414,-0.9808927,0.07523298,0,0.98020613,-0.17173322,0.09850701,0,-65.709435,-82.568085,16.338837,1],[0.043873653,0.6670605,0.74371064,0,0.36546466,-0.7035452,0.6094749,0,0.9297907,0.24506004,-0.27465412,0,-102.70125,-0.022315979,3.2022357,1],[-0.2023918,0.97641283,0.07520382,0,0.6702809,0.082130075,0.7375488,0,0.7139756,0.1996815,-0.6710932,0,-47.19765,123.823,47.519268,1],[0.98257476,-0.15147257,0.10771695,0,-0.17958294,-0.92310137,0.34004968,0,0.047925465,-0.35346836,-0.934218,0,44.366814,2.0943403,-71.82101,1],[0.037525088,-0.7653007,-0.6425782,0,0.005460138,0.6431785,-0.76569676,0,0.99928075,0.025224272,0.028313978,0,5.2928925,-45.793926,-127.718285,1],[-0.13373202,-0.846158,0.5158801,0,0.9825793,-0.1809981,-0.04216227,0,0.12904927,0.5012547,0.8556226,0,5.6741595,25.363434,-127.392555,1],[-0.32892388,0.8908867,-0.3132571,0,0.636903,0.45419365,0.62294686,0,0.6972544,0.005387718,-0.7168035,0,-89.333084,95.07855,-60.251106,1],[-0.37535238,-0.66220224,0.64853585,0,0.78525794,-0.59891844,-0.15705644,0,0.49242324,0.4503164,0.74480504,0,57.354176,-20.66996,-57.755756,1],[0.31995738,-0.9406618,0.11306059,0,0.84841967,0.23136023,-0.4760846,0,0.42167684,0.24824962,0.8721014,0,-1.3308406,-82.95464,22.3531,1],[0.29743075,0.4163439,0.8591814,0,0.33887225,-0.8873522,0.31268445,0,0.8925808,0.19815077,-0.40501323,0,-27.642881,-48.649406,123.622475,1],[-0.40410668,0.08776051,0.9104921,0,-0.91159195,-0.12078138,-0.39295295,0,0.07548474,-0.9887922,0.12881033,0,-47.157455,42.53948,18.133091,1],[-0.089293465,-0.12411669,0.9882417,0,-0.084030196,-0.98772895,-0.13164487,0,0.99245435,-0.09479717,0.0777682,0,76.79414,-35.734642,-41.984474,1],[-0.5824612,0.77925974,0.23128606,0,-0.75674695,-0.6237225,0.19571497,0,0.2967711,-0.061028663,0.95299655,0,-53.435825,41.479504,-32.044174,1],[-0.7877625,0.6089593,0.09272933,0,0.15807138,0.05435179,0.9859307,0,0.5953517,0.7913371,-0.13907534,0,-114.05722,48.39195,2.9870152,1],[-0.32353228,0.37840906,0.8672562,0,-0.40763518,-0.8828771,0.23315546,0,0.8539089,-0.27809086,0.4398921,0,98.60255,-22.496832,27.234327,1],[0.2021944,0.10032245,0.9741934,0,-0.9785341,-0.019786337,0.2051329,0,0.039855156,-0.9947582,0.09416825,0,-68.18265,46.458435,79.35362,1],[-0.32384878,0.6669683,0.67102545,0,0.32512835,-0.58759856,0.7409585,0,0.8884895,0.45812792,-0.026557218,0,54.199253,110.25174,-72.2267,1],[-0.42497182,-0.15461573,0.8919042,0,-0.89707226,-0.05985805,-0.437811,0,0.1210801,-0.98615974,-0.113263495,0,70.87673,112.162224,40.74758,1],[0.26683503,0.7592939,-0.5935248,0,-0.26310113,0.64985293,0.7130701,0,0.9271337,-0.034115005,0.37317464,0,5.0177336,-107.069885,18.526733,1],[-0.7358004,-0.29083124,-0.6115677,0,-0.10450922,0.9410326,-0.32176936,0,0.6690857,-0.17284355,-0.7228067,0,6.087005,105.913605,46.952675,1],[0.5195418,0.5481338,0.65545833,0,0.37486535,-0.8355697,0.4016208,0,0.76782304,0.037049834,-0.6395897,0,0.3385663,-20.635164,39.21758,1],[-0.10319438,0.6776389,0.7281184,0,-0.8511279,-0.4389667,0.28790548,0,0.5147157,-0.5900117,0.6220563,0,-11.778903,5.180025,-78.535934,1],[0.5004515,-0.748776,0.43460634,0,0.055703517,-0.47310308,-0.87924427,0,0.8639707,0.46422827,-0.19505571,0,111.9922,-4.475963,-36.35838,1],[-0.06757681,-0.11725713,0.99079984,0,0.45701686,-0.8863969,-0.07373096,0,0.88688725,0.44782966,0.113488354,0,56.63681,-101.33343,-18.784119,1],[0.6628,-0.42289528,0.6179447,0,0.017896064,-0.8160686,-0.577678,0,0.74858254,0.39394376,-0.5333221,0,-2.5211692,-92.72533,-61.903202,1],[-0.31821647,-0.71488863,-0.62263346,0,-0.18248719,0.69068235,-0.6997545,0,0.9302885,-0.10905076,-0.35024452,0,31.079971,-29.609621,-4.4784307,1],[-0.34944606,-0.5220723,0.7780283,0,0.8106723,-0.58481514,-0.02831459,0,0.46978498,0.6208315,0.62759084,0,-103.3728,53.642857,-24.22285,1],[-0.12265973,0.61667407,-0.77760375,0,0.06486312,0.7868263,0.6137565,0,0.9903269,0.024845399,-0.13651131,0,81.89646,-0.1124382,-79.41663,1],[-0.03359788,-0.72775924,0.68500924,0,0.047424354,-0.68578506,-0.72625744,0,0.9983096,0.008085408,0.057554435,0,80.06505,2.2461176,10.747576,1],[-0.5319372,0.8439132,0.06966582,0,0.6104403,0.32515195,0.7222457,0,0.5868607,0.42671615,-0.68811905,0,-85.08682,-66.02079,-56.686626,1],[-0.09991847,-0.87598455,0.47187644,0,0.24937297,-0.48116046,-0.8404152,0,0.963239,0.033700235,0.2665237,0,-113.34686,6.7864537,-21.331036,1],[0.010897873,0.8732843,0.48708898,0,-0.24644342,-0.4697463,0.8477051,0,0.9690959,-0.12927806,0.21009596,0,-35.534264,-73.14656,81.23993,1],[-0.52528566,-0.44068813,0.7279209,0,0.38410693,-0.88613254,-0.25928947,0,0.75930023,0.14339843,0.63474405,0,38.629246,52.90396,65.74741,1],[0.9316136,0.19518167,0.30659434,0,-0.23713309,-0.31286082,0.91972065,0,0.27543396,-0.92952794,-0.24518137,0,64.24638,11.526882,27.58323,1],[-0.31365228,-0.85679966,0.40928793,0,0.8285514,-0.45750493,-0.3227875,0,0.46381548,0.23787308,0.85340005,0,76.54742,-3.365171,87.72483,1],[-0.0463947,-0.9533792,0.29818723,0,-0.94538486,-0.05450771,-0.32136643,0,0.32263756,-0.29681137,-0.8987814,0,-86.08182,-68.28078,-28.852772,1],[0.0010496937,0.4855264,0.8742214,0,-0.023007248,-0.87397873,0.48541927,0,0.99973476,-0.020622969,0.010253216,0,-39.934086,100.5259,71.146736,1],[0.4402961,-0.45469245,0.77420545,0,-0.6496339,-0.7565513,-0.07487282,0,0.6197703,-0.46998388,-0.6284902,0,-42.890095,-14.959359,26.37384,1],[0.99272835,-0.08562747,-0.08460717,0,0.066764735,0.97650266,-0.20490238,0,0.1001644,0.19776362,0.97511876,0,-66.59575,-15.013969,-8.061504,1],[0.090094656,0.11866034,0.98883903,0,-0.5378327,-0.82985455,0.148585,0,0.8382237,-0.5452167,-0.010946049,0,72.995674,84.640396,94.573364,1],[-0.8921751,0.3682296,-0.2615926,0,0.32059172,0.9241991,0.20755003,0,0.31818968,0.10130654,-0.9425987,0,5.216825,71.37941,131.27489,1],[0.63702023,-0.7625935,0.11250056,0,0.045854766,-0.108197436,-0.9930713,0,0.769482,0.6377652,-0.03395541,0,-137.08366,-41.77984,30.073214,1],[-0.021268548,-0.7472619,0.6641892,0,0.08638027,-0.6632287,-0.74341524,0,0.9960352,0.04156148,0.0786546,0,33.393967,-107.24534,-90.234055,1],[0.27656192,0.23098893,0.93282247,0,0.8595616,-0.49351993,-0.13263445,0,0.42972937,0.83849996,-0.33503804,0,-119.25491,-33.38213,28.42015,1],[-0.9330356,0.099151336,0.34585178,0,-0.15587151,-0.9777782,-0.14019205,0,0.3242661,-0.18471262,0.9277568,0,88.58392,63.62289,34.982265,1],[0.013639024,-0.6034787,0.7972625,0,-0.20880814,-0.7814764,-0.58795744,0,0.9778615,-0.15845573,-0.13666984,0,-9.492838,46.838127,81.91774,1],[-0.11561893,0.95293915,0.28024846,0,0.011494245,-0.28083813,0.95968634,0,0.9932271,0.11417916,0.021516891,0,48.91813,2.354014,92.87313,1],[-0.93851125,-0.12822357,0.3205548,0,0.19919321,-0.95945823,0.199404,0,0.28199065,0.25099525,0.92600363,0,0.15006065,17.79399,-11.054886,1],[-0.4422787,0.5203837,0.7304727,0,0.37637034,-0.6315892,0.67782044,0,0.81408536,0.57471377,0.08348144,0,16.997194,-16.311407,137.55266,1],[-0.53001684,0.71848154,-0.4504069,0,0.1540294,0.6038826,0.78204906,0,0.8338807,0.34512326,-0.43073523,0,87.71242,-10.596191,-16.701757,1],[0.4852902,-0.8287502,0.27868715,0,0.13263504,-0.24527004,-0.96033883,0,0.86423457,0.5030067,-0.009105825,0,81.484184,35.53773,117.68893,1],[0.24200329,0.9121026,-0.330913,0,-0.04743817,0.35176522,0.9348855,0,0.9691151,-0.21054745,0.12839681,0,97.73233,74.97232,-58.481598,1],[0.73890036,-0.03154403,0.6730759,0,0.19774579,-0.944768,-0.2613616,0,0.6441451,0.32621813,-0.6918518,0,100.15562,61.75765,77.25216,1],[0.2729285,0.00022289157,0.9620343,0,0.74976736,-0.6266304,-0.21256334,0,0.60279256,0.77931654,-0.17119242,0,56.17615,41.937553,56.699932,1],[0.74819225,0.5917318,-0.3001032,0,-0.50743586,0.8017499,0.31576252,0,0.42745438,-0.08396796,0.900129,0,-39.992344,67.889465,68.34365,1],[-0.005911428,0.44941777,0.89330214,0,0.020253336,-0.89308065,0.44944036,0,0.9997774,0.020749183,-0.0038228268,0,-0.9670615,33.304703,-130.24335,1],[-0.032766048,-0.22229208,0.9744294,0,0.3152801,-0.92747295,-0.20097858,0,0.94843286,0.30063292,0.100473896,0,79.516014,-28.044355,-53.140495,1],[0.93526995,0.08092358,0.3445599,0,-0.017773367,-0.9615447,0.27407286,0,0.3534887,-0.26245612,-0.8978656,0,-6.6167235,62.01278,128.4502,1],[-0.28855133,0.43594474,0.85246134,0,0.38167775,-0.76415974,0.5199826,0,0.87810034,0.4754072,0.054108918,0,46.882545,-66.96832,23.403275,1],[0.74456,0.37412024,0.5528693,0,-0.24887858,-0.61292017,0.74992555,0,0.6194271,-0.6959619,-0.36324528,0,17.545116,75.646416,69.539986,1],[-0.27315977,0.33297214,0.9025039,0,-0.88523984,-0.45417675,-0.100369304,0,0.3764761,-0.82634926,0.418823,0,-66.76637,49.62548,70.59485,1],[-0.3010301,0.9197415,0.25190574,0,0.75636655,0.06940603,0.65045565,0,0.5807672,0.3863398,-0.716555,0,91.21542,91.87732,74.08862,1],[-0.05576677,0.5533506,0.8310795,0,0.032407243,-0.83093303,0.55542773,0,0.9979178,0.057907406,0.028405884,0,18.09715,-122.97417,48.299683,1],[-0.19953373,-0.93671125,0.28767738,0,0.95938665,-0.24649358,-0.1371791,0,0.19940786,0.248622,0.9478521,0,-31.408524,-1.3164282,-47.4295,1],[-0.024167147,0.2087731,0.9776654,0,0.010032556,-0.97785115,0.20906076,0,0.9996576,0.014860886,0.021537347,0,-123.352646,-33.035732,7.5968027,1],[-0.68311155,-0.305777,0.6632187,0,-0.66493183,-0.115163386,-0.7379722,0,0.30203345,-0.9451126,-0.124651454,0,8.56222,72.750916,119.433685,1],[-0.25941664,0.9638672,0.060522795,0,0.2783408,0.014609784,0.96037126,0,0.92478615,0.26598224,-0.2720736,0,25.960278,-90.81463,79.92583,1],[-0.054603092,-0.43469456,0.89892113,0,-0.9228182,-0.3218564,-0.21169594,0,0.3813466,-0.8410999,-0.38356966,0,-17.009354,-108.510124,64.08273,1],[0.17505002,0.8488153,0.4988688,0,0.60022557,-0.4936484,0.6293175,0,0.7804401,0.18927175,-0.59589386,0,96.81952,-58.316624,88.214455,1],[0.96296066,-0.051723875,-0.2646345,0,0.008733442,0.98689723,-0.1611135,0,0.26950046,0.15283479,0.95079494,0,-10.431647,-116.49095,-90.44545,1],[-0.0687891,0.6013246,0.79603815,0,0.77509665,-0.4701443,0.42212498,0,0.628087,0.64604414,-0.4337439,0,-2.7462244,-0.7171869,12.878394,1],[-0.31650266,0.9183445,-0.23763281,0,0.29637802,0.3337049,0.89487493,0,0.9011027,0.21280114,-0.3777956,0,58.624504,10.916126,123.64726,1],[-0.20574066,0.86278975,-0.46180582,0,0.10118347,0.4881273,0.86688733,0,0.97336155,0.13162687,-0.18772767,0,-20.679152,78.289246,-48.45986,1],[0.6069715,-0.757273,-0.24108747,0,0.47971576,0.5909775,-0.64855105,0,0.63360745,0.2779985,0.72198224,0,-49.702118,-27.230465,79.881836,1],[0.5608139,-0.68543154,0.46440428,0,-0.67869246,-0.70184904,-0.21629703,0,0.4741985,-0.19388531,-0.858804,0,-20.271492,-144.68108,-22.111273,1],[-0.24572882,0.60871756,0.754374,0,-0.6045636,-0.7045687,0.37159902,0,0.7577072,-0.36475453,0.54114133,0,80.422066,71.85978,67.26479,1],[-0.026612822,-0.21947668,0.97525465,0,-0.06794961,-0.9729466,-0.22081146,0,0.99733377,-0.07214459,0.0109795015,0,-36.49682,50.04705,43.700874,1],[0.3894221,0.9132224,-0.11989707,0,-0.0798636,0.16316164,0.9833616,0,0.91759044,-0.37336734,0.13647197,0,92.78899,-45.728195,-33.94289,1],[0.12618327,-0.25928873,0.9575214,0,0.89510995,-0.38631684,-0.22257,0,0.4276165,0.88517153,0.18334521,0,-101.656685,80.46187,-50.52291,1],[0.50583345,-0.7951085,-0.33456695,0,0.5499698,0.5960497,-0.5850282,0,0.6645794,0.1119251,0.73878753,0,-22.276283,-13.297033,-62.211765,1],[0.55495775,0.16593106,-0.8151618,0,-0.06762877,0.98566043,0.15459576,0,0.829125,-0.03066572,0.5582216,0,87.76535,27.436745,-95.41952,1],[0.8964638,0.42832536,-0.11353432,0,-0.35039413,0.8420558,0.4100804,0,0.27125007,-0.32784048,0.90495527,0,129.71931,-46.053387,48.566757,1],[-0.72364706,0.3200035,0.61150044,0,0.6599604,0.061572134,0.7487731,0,0.20195866,0.94541353,-0.25574616,0,7.759273,-92.12236,-21.4875,1],[-0.6758558,-0.7008705,0.22803393,0,0.7173705,-0.6965376,-0.014662787,0,0.16911091,0.15367487,0.97354275,0,-53.237343,-110.48412,-78.386665,1],[0.7647343,-0.07843803,0.63955367,0,-0.6113198,-0.40201378,0.6816693,0,0.20364058,-0.91226774,-0.35538447,0,61.431133,16.611708,107.40391,1],[-0.58131605,0.2386275,0.7779001,0,-0.79359543,-0.37736714,-0.47728437,0,0.17966077,-0.894791,0.40874326,0,6.1968327,-0.7983327,-61.058594,1],[-0.05444142,0.95378625,-0.29551315,0,0.01104612,0.29650927,0.95496607,0,0.9984559,0.048725434,-0.02667802,0,29.686224,64.13527,-122.74386,1],[0.18967958,0.42652366,0.8843638,0,-0.97705394,-0.006885864,0.21288088,0,0.09688835,-0.9044502,0.4154305,0,48.601234,122.24257,-30.210257,1],[0.17119054,-0.6527207,0.7380038,0,0.09011915,-0.7355474,-0.67145264,0,0.9811077,0.18145461,-0.06709614,0,-77.60239,-100.362144,15.630412,1],[0.43440205,-0.8206342,0.37128764,0,0.34618437,-0.22843632,-0.90993035,0,0.83153546,0.5238096,0.1848575,0,82.80927,-25.803852,-90.67569,1],[-0.49563777,0.6446514,0.5820377,0,-0.8637916,-0.43577293,-0.25291517,0,0.09059414,-0.62811357,0.7728299,0,-25.610374,137.10008,-54.718708,1],[-0.016945066,-0.14608498,0.9891269,0,0.06962504,-0.9870399,-0.14458397,0,0.9974293,0.066418014,0.026896626,0,55.230797,107.68897,-51.199974,1],[0.1568466,0.2329807,0.9597495,0,0.11671588,-0.96933997,0.21623456,0,0.98070204,0.07810235,-0.17923021,0,-53.000343,-109.728745,66.93871,1],[0.30369112,0.9526358,-0.016022298,0,-0.9363368,0.30152062,0.17988507,0,0.17619602,-0.039627235,0.98355716,0,25.109768,24.249924,139.33826,1],[-0.0018577873,0.73530436,0.67773443,0,0.0013558689,-0.6777332,0.7353066,0,0.9999974,0.0022849625,0.0002621077,0,-33.875656,-135.3595,-1.810956,1],[0.13858289,-0.7376176,0.66084415,0,-0.74088764,-0.52001226,-0.42505622,0,0.657176,-0.43070576,-0.61855656,0,-116.01008,-54.910255,-43.4034,1],[-0.45354,-0.7349872,0.50407875,0,-0.8912323,0.37241706,-0.25886387,0,0.0025340992,-0.56665635,-0.82395035,0,0.557971,-6.314242,23.712408,1],[-0.2754961,-0.86583734,0.4176454,0,-0.20428906,-0.37180185,-0.9055548,0,0.9393444,-0.33479717,-0.07445115,0,11.622691,36.479866,-72.304344,1],[-0.9494349,-0.3038102,-0.07920081,0,-0.11450477,0.5699524,-0.81366014,0,0.29233897,-0.7634484,-0.5759204,0,-3.4627676,-53.58442,125.74711,1],[-0.34401482,0.46618068,-0.8150641,0,0.118291676,0.8826472,0.45490775,0,0.93148315,0.060079698,-0.358789,0,-65.85875,-14.208198,95.31712,1],[-0.5341488,-0.27331835,0.7999889,0,-0.5108038,-0.6496782,-0.5630256,0,0.67362046,-0.7093768,0.20741276,0,97.11474,-66.08831,-23.431313,1],[0.6971272,0.48792934,0.52529854,0,-0.6891143,0.2538526,0.6787344,0,0.19782603,-0.83515495,0.5132066,0,6.1248064,-4.948461,-117.438484,1],[-0.16907296,-0.9546562,0.24504241,0,0.9089237,-0.24716857,-0.3358056,0,0.38114572,0.16594921,0.9094992,0,-97.54096,35.783173,31.612873,1],[-0.19811459,-0.17585775,0.9642741,0,-0.06842222,-0.9788926,-0.19258147,0,0.9777878,-0.104130976,0.18190034,0,-113.50382,4.2604566,-34.049534,1],[0.43170545,0.18513256,0.8828116,0,0.58719134,-0.80061615,-0.11924806,0,0.6847165,0.5698594,-0.45433858,0,51.019978,138.90825,24.22725,1],[0.4188044,0.886511,-0.19672588,0,-0.56165874,0.42311507,0.7109944,0,0.7135421,-0.1872748,0.6751191,0,126.9555,8.628917,-6.002784,1],[-0.6699294,0.2662779,-0.69303006,0,0.18298514,0.9638922,0.19346362,0,0.7195214,0.0027927747,-0.6944647,0,7.3549747,98.552765,49.056244,1],[0.954752,0.088250674,0.28400755,0,0.09770145,-0.99502945,-0.019255264,0,0.2808966,0.046131957,-0.95862865,0,92.78154,-53.805508,89.60856,1],[0.5147711,0.84243774,-0.15908939,0,-0.1259356,0.2578544,0.9579412,0,0.8480277,-0.4730854,0.23882888,0,16.220247,48.22308,-94.960495,1],[0.18587327,0.63649863,0.74854565,0,0.979837,-0.1768905,-0.09289338,0,0.07328411,0.75071913,-0.65654415,0,-59.30289,-17.594004,-1.671803,1],[-0.8600704,-0.4517562,-0.23705524,0,-0.38686913,0.8804226,-0.2742048,0,0.33258253,-0.14412607,-0.931996,0,-89.69464,2.036941,-101.54807,1],[-0.2076102,-0.82739246,0.52184266,0,0.68136215,-0.5050852,-0.5297496,0,0.70188576,0.24558242,0.66861475,0,-59.873665,46.4638,73.45097,1],[-0.2525479,0.15310778,0.9553939,0,-0.7309007,-0.6772103,-0.08467844,0,0.6340376,-0.71968347,0.2829346,0,22.531843,13.1521225,-74.1649,1],[0.13339922,-0.6678106,0.7322798,0,0.3487441,-0.6599951,-0.6654203,0,0.9276757,0.3441448,0.14485219,0,86.86095,96.62923,-61.104298,1],[0.44288233,-0.7227339,0.5305761,0,-0.5108592,-0.6897371,-0.5131137,0,0.73680264,-0.04380072,-0.6746876,0,-42.146515,121.4069,62.015034,1],[-0.29990512,0.25729278,0.91861707,0,0.17147772,-0.9327183,0.31722543,0,0.9384308,0.2526599,0.23560703,0,11.138428,-99.96761,-104.32928,1],[0.8513937,0.45874077,-0.25433385,0,-0.059591476,0.56633794,0.822016,0,0.5211311,-0.6847031,0.5095136,0,27.544106,-99.02537,33.01996,1],[0.56647706,0.6062664,0.558162,0,-0.6439926,-0.09692696,0.75886667,0,0.5141763,-0.78933275,0.33552414,0,29.149675,49.812878,66.30278,1],[-0.10210707,-0.41995198,0.90178406,0,-0.01805681,-0.9055903,-0.423769,0,0.99460953,-0.059553154,0.084884174,0,-19.04601,-8.555925,-105.5073,1],[-0.45865571,-0.13171631,0.87879795,0,0.0948116,-0.9905619,-0.09898441,0,0.8835416,0.03792048,0.4668151,0,78.86885,-84.7754,92.081345,1],[-0.031242514,0.8402869,0.541241,0,0.0008651075,-0.5414824,0.8407117,0,0.9995115,0.026734177,0.016190331,0,23.189413,-17.97477,92.29539,1],[-0.9376609,0.3404093,-0.070096865,0,0.31803676,0.9217361,0.22193491,0,0.14015953,0.1858063,-0.9725386,0,-65.78547,-81.52699,-57.814228,1],[0.48974192,-0.3466232,0.8000033,0,-0.86239916,-0.32745,0.38606247,0,0.12814286,-0.87899315,-0.45929354,0,-78.7022,12.25301,-89.15323,1],[-0.4657917,0.70865196,0.52995324,0,0.86475295,0.23748049,0.4424989,0,0.18772416,0.664391,-0.7234253,0,-48.817207,-84.00235,29.022467,1],[-0.58724755,0.79240686,-0.16502032,0,0.63576645,0.57775754,0.5118567,0,0.50094044,0.19567218,-0.84307235,0,-47.924316,-37.137974,120.593475,1],[-0.24945958,0.8487477,0.46625876,0,0.84235466,-0.04733254,0.536841,0,0.47771177,0.52667534,-0.703139,0,-21.045506,126.892914,-52.7755,1],[0.05539909,0.14778675,0.98746645,0,-0.14091837,-0.9779286,0.1542651,0,0.98847,-0.14769833,-0.033350483,0,-47.24654,-88.11264,86.52145,1],[0.061380286,0.044616252,0.9971167,0,0.107988045,-0.9934331,0.037803918,0,0.9922555,0.105356276,-0.065795235,0,6.215179,80.20184,-13.715887,1],[-0.49565157,-0.08005443,0.86482424,0,0.10769516,-0.9937232,-0.030263588,0,0.8618186,0.07813718,0.50116193,0,31.786037,71.63622,51.48679,1],[0.3880226,0.78815895,0.47774884,0,-0.8892345,0.18388486,0.41886562,0,0.2422819,-0.5873601,0.7722096,0,-33.531116,-5.631709,-109.845436,1],[-0.055720408,0.899175,-0.4340272,0,0.033663835,0.43614724,0.8992455,0,0.99787873,0.035495304,-0.054571982,0,43.917274,75.61902,-29.893398,1],[0.978038,0.10962584,0.17726746,0,0.19657363,-0.76788706,-0.60967886,0,0.06928483,0.6311352,-0.7725723,0,-45.576633,43.73832,-0.09738207,1],[-0.9905502,-0.13678908,-0.009953648,0,-0.12026734,0.9012065,-0.41636834,0,0.065924935,-0.41123664,-0.9091416,0,-5.134177,-21.11231,131.24396,1],[0.019369643,0.025384195,0.9994901,0,-0.72426075,-0.688805,0.03152951,0,0.6892541,-0.7245022,0.0050428687,0,70.517456,86.47456,14.204764,1],[0.082710564,0.7598905,0.6447677,0,0.098626755,-0.65004987,0.75346404,0,0.9916813,0.0012719114,-0.12871152,0,-23.248173,-17.109383,79.086006,1],[-0.85033923,-0.31572974,-0.42099637,0,-0.13096377,0.90181464,-0.41179946,0,0.509678,-0.29503396,-0.80819756,0,112.73729,-89.770065,-24.623644,1],[-0.9365298,-0.22482643,-0.26900733,0,-0.15726602,0.9551804,-0.2507942,0,0.31333572,-0.19257054,-0.9299125,0,-67.73597,6.2642097,118.05664,1],[-0.27567527,-0.25587273,0.9265702,0,-0.4477647,-0.8187749,-0.35932493,0,0.85059386,-0.5139424,0.11114521,0,-37.37755,-101.129364,-86.868706,1],[-0.5721178,-0.5382285,0.61886287,0,0.7123661,-0.7000441,0.04972607,0,0.40646735,0.46930614,0.78392345,0,33.777664,-112.69716,-59.730865,1],[0.22383639,-0.407502,-0.88534707,0,0.037350215,0.91131526,-0.4100115,0,0.9739108,0.05870759,0.21920581,0,-95.27028,-16.130447,19.986248,1],[-0.81558317,-0.5786259,-0.004015684,0,-0.046732627,0.07278445,-0.99625224,0,0.5767497,-0.8123388,-0.08640249,0,38.396465,-66.15143,-28.980875,1],[-0.39397857,0.918668,0.028810054,0,0.68833786,0.27413782,0.6715947,0,0.60907465,0.28442496,-0.7403584,0,-20.32442,2.320397,68.74813,1],[0.72456574,-0.65169287,-0.22427875,0,0.09036229,0.4124349,-0.9064944,0,0.68325627,0.63654846,0.35772467,0,53.201008,84.43533,76.233604,1],[-0.09490509,0.2192578,0.9710402,0,0.8817431,-0.4342663,0.18423355,0,0.46208468,0.87369263,-0.15211496,0,-5.66386,119.40039,-33.264114,1],[-0.640784,-0.35016906,0.6832111,0,0.53804547,-0.83963555,0.07429114,0,0.5476339,0.41520324,0.72643197,0,-30.124676,-2.3182154,69.01839,1],[0.0036941057,0.7449353,0.6671265,0,-0.0047683874,-0.6671103,0.7449436,0,0.9999818,-0.0059330184,0.001087764,0,-34.00619,114.6678,3.6069274,1],[-0.9675162,0.2241122,0.11698784,0,-0.24921301,-0.9232646,-0.29236177,0,0.042488884,-0.31201965,0.9491251,0,79.33527,24.8541,-41.51319,1],[0.0063403593,-0.98450744,-0.17522803,0,0.008821297,0.1752798,-0.9844791,0,0.999941,0.0046962127,0.009795969,0,-36.197124,74.24215,-61.212803,1],[0.18531796,-0.35087192,0.91790307,0,-0.23430951,-0.92291856,-0.30548376,0,0.9543355,-0.15846182,-0.25324604,0,-17.700363,105.596924,-69.17574,1],[-0.015480228,-0.3787278,0.9253786,0,-0.027189827,-0.9249878,-0.37902272,0,0.9995104,-0.031028243,0.004021479,0,64.04128,41.184963,-76.39747,1],[-0.70637304,-0.3011503,0.6405822,0,-0.624553,-0.16073586,-0.7642627,0,0.3331225,-0.93993217,-0.07454484,0,48.71056,-91.77081,-25.497795,1],[0.9579572,-0.1912166,0.2139023,0,-0.26478055,-0.8763215,0.40243244,0,0.11049542,-0.44215024,-0.89010894,0,-99.350235,-94.52548,-16.581917,1],[0.7990252,0.08283785,0.5955642,0,-0.5658392,-0.23151003,0.79134643,0,0.2034325,-0.96929926,-0.13810943,0,83.66865,-77.05557,52.777145,1],[0.05665947,-0.34154275,0.93815684,0,0.037812974,-0.9382581,-0.34386328,0,0.99767727,0.05495761,-0.04024646,0,46.440125,-93.98346,105.801056,1],[-0.24544875,-0.39250556,0.88639396,0,0.846199,-0.53286445,-0.0016401112,0,0.47297162,0.7496631,0.46292874,0,8.127022,58.5081,88.980675,1],[-0.47823128,-0.75637156,0.44631484,0,-0.8378588,0.24062069,-0.48999417,0,0.26322508,-0.60827935,-0.7488049,0,-22.095394,-123.49813,52.26481,1],[0.026998518,-0.98532516,0.16853887,0,-0.1739473,-0.17065892,-0.96985453,0,0.9843848,-0.0031322476,-0.1760022,0,88.74908,-109.35406,-12.712276,1],[0.072832145,-0.024741396,0.9970373,0,0.35112163,-0.93505454,-0.048852235,0,0.93349296,0.35363936,-0.059414793,0,51.73802,-25.568819,-90.47538,1],[-0.16998996,-0.98230404,0.0786266,0,-0.03648399,-0.073459715,-0.9966306,0,0.9847702,-0.17228581,-0.023350956,0,-12.67544,-25.915825,34.8542,1],[0.6426981,-0.44623113,0.62274945,0,0.03910688,-0.7926938,-0.60836434,0,0.76512074,0.41534844,-0.4920121,0,-60.818626,-56.06915,-69.03734,1],[-0.82674676,0.54507154,-0.13923645,0,0.50611216,0.82869923,0.23897296,0,0.2456425,0.12710087,-0.96099174,0,7.2000146,143.2713,29.958916,1],[-0.0725769,0.9465381,0.31432164,0,0.12573045,-0.30395553,0.9443531,0,0.9894061,0.10805803,-0.09694852,0,80.589005,114.032074,42.868744,1],[-0.8802965,-0.31735432,0.3526533,0,-0.043503966,-0.68620074,-0.7261102,0,0.4724251,-0.6545341,0.5902539,0,35.52693,22.690845,-141.63326,1],[0.7910827,-0.38173255,0.47798377,0,0.29190028,-0.45111394,-0.84338033,0,0.5375709,0.8067072,-0.24544059,0,8.019948,-117.639114,41.233955,1],[-0.95418525,0.17480761,0.2428429,0,-0.29722264,-0.6472698,-0.70192623,0,0.03448283,-0.7419461,0.6695721,0,-32.86096,-33.525967,114.78392,1],[0.5168116,0.8166929,0.25674623,0,0.85404336,-0.5126101,-0.088548645,0,0.05929367,0.2650354,-0.9624139,0,52.055023,14.245499,48.937798,1],[-0.009080772,-0.92263764,0.38556126,0,-0.0064564664,-0.385515,-0.922679,0,0.99993795,-0.010868001,-0.0024562043,0,-76.07202,36.38152,-37.820793,1],[0.14111876,-0.5334211,0.83399487,0,-0.12558372,-0.8452652,-0.51937985,0,0.98199505,-0.03144194,-0.18627179,0,-40.825047,-26.092922,-40.24776,1],[-0.017591309,-0.9998453,0.00006750226,0,-0.025585156,0.00038263202,-0.99967265,0,0.99951786,-0.017587276,-0.02558793,0,-8.909475,36.236073,91.31538,1],[-0.43369132,-0.6997131,0.5677265,0,-0.8196142,0.044569314,-0.5711796,0,0.3743587,-0.7130323,-0.5928241,0,-62.985027,7.0238113,132.42688,1],[-0.26968056,0.5696782,0.7763628,0,0.62347776,-0.51112765,0.5916282,0,0.73385817,0.6435956,-0.21734048,0,-14.511108,-40.861774,58.83497,1],[-0.9839971,-0.08635749,-0.15585934,0,-0.04482202,0.96654314,-0.25255787,0,0.17245501,-0.24153027,-0.95494634,0,-48.540367,50.54705,47.163605,1],[-0.40160587,-0.38383073,-0.83149666,0,-0.11310324,0.92177,-0.3708743,0,0.9088016,-0.054900315,-0.41360074,0,-47.087467,-46.671795,-0.49356222,1],[0.92761844,-0.13415395,0.34860688,0,0.36465862,0.123061396,-0.92297345,0,0.08092049,0.98328966,0.1630744,0,-137.46286,-18.34463,-1.7098546,1],[0.11005358,-0.4336372,0.89434165,0,-0.7324594,-0.6436202,-0.2219374,0,0.67185664,-0.63064396,-0.38845435,0,12.909007,-16.777218,19.353426,1],[-0.5785151,-0.81424713,0.048186436,0,-0.7523291,0.5098322,-0.4172194,0,0.31515267,-0.27761978,-0.90752745,0,144.59216,37.701096,1.3789415,1],[0.5286998,-0.794931,0.29759243,0,0.12516488,-0.27375418,-0.95362073,0,0.8395298,0.5414272,-0.045236338,0,85.55907,12.864912,-100.93392,1],[0.09203759,0.99575555,-0.000012867153,0,-0.8619927,0.079680376,0.50061923,0,0.4984954,-0.046064693,0.8656676,0,98.369514,-15.907574,36.025608,1],[-0.070499256,-0.54924196,0.8326842,0,0.3121868,-0.8049753,-0.50453365,0,0.9474013,0.22438379,0.22821625,0,-43.20842,-66.255066,109.95519,1],[-0.64878684,-0.3203901,0.6902361,0,-0.02559109,-0.8973482,-0.4405806,0,0.7605398,-0.3035068,0.57398856,0,-114.19676,-58.821915,35.477795,1],[0.121946335,-0.8011439,-0.5859159,0,0.06800255,0.59567845,-0.80033916,0,0.9902044,0.057754654,0.12712063,0,68.17521,-45.692505,80.7415,1],[0.8858447,-0.17371923,0.43023348,0,0.38020867,-0.25968057,-0.8876978,0,0.26593345,0.94994086,-0.16398709,0,79.256165,-87.29521,-60.116173,1],[-0.5120634,-0.8004006,0.31168875,0,-0.082452,-0.31539357,-0.94537216,0,0.8549811,-0.5097898,0.09550685,0,7.579243,-32.9411,119.15885,1],[0.26053214,0.89487654,-0.36237946,0,-0.10926972,0.40026087,0.90986335,0,0.9592618,-0.19745155,0.20206375,0,97.024796,69.43917,9.938335,1],[-0.12171915,-0.8847016,0.4499862,0,-0.16479762,-0.4290515,-0.8881197,0,0.97878814,-0.18225782,-0.09357293,0,-80.78345,59.85886,-74.01048,1],[-0.4658502,-0.88191617,-0.07216258,0,-0.66418916,0.40239304,-0.63002586,0,0.58466774,-0.2455681,-0.77321404,0,-31.66573,124.35597,-54.158806,1],[-0.56576234,-0.1666955,0.8075429,0,-0.057442836,-0.96900517,-0.24026933,0,0.8225651,-0.18232289,0.53865117,0,-110.24297,46.50936,10.043085,1],[-0.8125013,-0.49963814,0.30033875,0,-0.55864984,0.5201081,-0.6460634,0,0.16658932,-0.69271153,-0.70171124,0,50.709522,115.44188,-42.999817,1],[-0.69625264,0.07483586,0.71388495,0,0.09032217,-0.977511,0.19056281,0,0.7120914,0.1971595,0.6738353,0,-51.490223,-110.864746,-25.046326,1],[-0.514199,-0.5814267,-0.6305096,0,-0.17187288,0.7900836,-0.5884111,0,0.8402732,-0.1941929,-0.50619173,0,20.824564,-31.614626,-16.107632,1],[0.081306346,0.8199318,0.5666579,0,-0.99167246,0.0095784925,0.12842943,0,0.099875644,-0.5723811,0.8138825,0,-26.920689,-8.391809,-124.66865,1],[-0.77326155,-0.24638698,-0.5842603,0,-0.14689504,0.96596014,-0.21293885,0,0.61683744,-0.07883248,-0.7831328,0,-76.158676,102.41146,78.32297,1],[-0.32517633,-0.7058834,0.62927663,0,-0.9424614,0.18727936,-0.27693507,0,0.07763333,-0.6831216,-0.7261666,0,34.990917,144.7152,9.816742,1],[0.18348254,0.14947194,0.97159266,0,-0.17688881,-0.9672187,0.18220401,0,0.966977,-0.20529512,-0.15102784,0,32.966457,16.76985,53.807545,1],[-0.03729146,0.38065967,0.9239629,0,0.9925616,-0.093119115,0.07842389,0,0.115891434,0.9200147,-0.37435564,0,3.740859,29.012812,-74.12671,1],[-0.6838625,0.69342047,0.2269363,0,0.6762296,0.4856049,0.5539868,0,0.2739444,0.53231186,-0.80099845,0,96.54755,103.68555,-25.493967,1],[-0.9542837,0.020333514,0.2982099,0,0.24473058,-0.5196477,0.81858,0,0.17160872,0.8541386,0.49091515,0,58.93582,56.7765,-124.64805,1],[-0.450171,0.1239818,0.88429326,0,0.26024312,-0.9291055,0.26274782,0,0.8541777,0.34841266,0.38599095,0,66.917435,-51.008533,-45.084606,1],[0.102713354,0.23536706,0.9664638,0,-0.05771104,-0.9685559,0.24200994,0,0.99303544,-0.08063328,-0.08590036,0,92.31777,55.65162,-90.01762,1],[0.48116788,-0.4335995,0.7618851,0,-0.32926735,-0.89486444,-0.3013314,0,0.81244105,-0.105872884,-0.5733502,0,49.176907,-44.251442,71.12385,1],[-0.23996465,-0.5729991,-0.7836383,0,-0.03860087,