(molecules:{"OUTER_14":[[-0.2688289,-0.04762879,0.96200967,0,0.19461614,-0.9808622,0.0058223605,0,0.9433216,0.18878782,0.27295345,0,151.5606,208.60527,0,1],[0.058678377,0.32685143,0.9432523,0,-0.34665748,-0.8794094,0.32629392,0,0.9361546,-0.3461319,0.06170318,0,333.40485,70.86738,0,1],[-0.996341,-0.04211842,-0.07436769,0,-0.040669724,0.9989542,-0.020888872,0,0.075169735,-0.017787928,-0.9970121,0,286.29218,-93.02196,0,1],[-0.93032646,0.020886011,0.3661371,0,0.3432113,-0.30220607,0.889313,0,0.12922305,0.9530138,0.273982,0,170.42564,-234.57082,0,1],[-0.79135585,0.61133003,-0.0056209266,0,0.30915165,0.4080894,0.85900426,0,0.5274289,0.67804027,-0.5119376,0,-59.611603,-280.4504,0,1],[-0.058962505,0.22235665,0.97318083,0,-0.44934556,-0.8764415,0.17302851,0,0.8914101,-0.42709228,0.15159215,0,-223.79211,129.2064,0,1],[0.7809505,0.620174,0.0741663,0,-0.19484384,0.12907864,0.97230375,0,0.5934242,-0.77377194,0.2216411,0,-104.22604,320.7748,0,1],[0.5924227,0.16777435,0.78796387,0,-0.3346271,-0.8384671,0.43011355,0,0.73284376,-0.5184831,-0.4405851,0,155.9988,174.20854,16.396135,1],[0.11390437,0.24684075,0.9623385,0,-0.37502068,-0.88629854,0.27172464,0,0.91999197,-0.39184746,-0.008382898,0,307.2461,-65.666885,32.29287,1],[-0.32313326,0.11747521,0.93903387,0,0.1641214,-0.97027326,0.17785954,0,0.93201345,0.21158788,0.29424736,0,288.5697,-129.18718,30.329895,1],[0.5473965,0.44391388,0.70943475,0,0.83125824,-0.3864519,-0.39958075,0,0.096782975,0.80845255,-0.5805494,0,68.40837,-323.60898,7.190009,1],[-0.28681433,0.95470333,-0.07924023,0,0.07260513,0.104140505,0.9919089,0,0.9552309,0.27874044,-0.099185355,0,-166.20488,-230.02155,-17.468836,1],[-0.16226876,-0.983444,0.08066486,0,0.98634267,-0.16399823,-0.015254056,0,0.028230404,0.07708793,0.9966245,0,-267.63153,119.81361,-28.129208,1],[0.22722724,0.8658103,0.44580296,0,0.45277792,-0.4992171,0.7387654,0,0.8621832,0.033982106,-0.50545555,0,-75.01217,354.84827,-7.884097,1],[0.54444176,-0.763489,-0.34737277,0,0.10931914,0.47518453,-0.8730687,0,0.8316445,0.43736055,0.34217426,0,221.039,164.18199,46.983288,1],[0.37075886,0.54624003,0.75110567,0,0.2479967,-0.83760846,0.48673362,0,0.8950059,0.005810938,-0.44601652,0,296.60754,-31.871183,63.045883,1],[0.3924581,0.7674289,0.50698084,0,-0.08688726,-0.5178056,0.85107464,0,0.91565675,-0.37806132,-0.1365372,0,69.115524,-332.42743,14.690959,1],[0.097270995,0.17245081,0.98020357,0,-0.94638854,-0.28879672,0.1447244,0,0.30803743,-0.9417309,0.13511392,0,-52.84562,-254.17326,-11.232683,1],[0.4508076,0.82296264,-0.34569487,0,-0.49389705,0.5525662,0.67136896,0,0.74353087,-0.13192055,0.6555599,0,94.4263,305.56992,30.680965,1],[0.8710723,0.17723203,0.45806316,0,-0.47739077,0.086275116,0.8744454,0,0.11546028,-0.9803803,0.1597608,0,217.6824,166.29456,70.729294,1],[-0.45389318,0.83876383,0.30075943,0,-0.8600956,-0.5006121,0.09809769,0,0.2328446,-0.214156,0.9486415,0,209.1769,-198.03633,67.96569,1],[-0.42563578,-0.18959212,0.88481015,0,0.6528488,-0.74142194,0.15518361,0,0.6265961,0.64369893,0.43935072,0,179.25119,-209.32364,58.24225,1],[-0.34876937,-0.5447637,0.7626221,0,0.2831562,-0.83693874,-0.4683547,0,0.8934106,0.052593376,0.4461518,0,-51.782883,-256.15637,-16.82528,1],[-0.89213353,0.15192439,0.42546073,0,0.120081134,-0.82813996,0.5475078,0,0.4355208,0.5395398,0.7205681,0,-198.95062,-232.32799,-64.64298,1],[-0.5744413,-0.7839008,0.23561962,0,-0.11886939,-0.20491037,-0.9715358,0,0.80986863,-0.5860983,0.024527172,0,-264.6625,-123.89942,-85.99407,1],[-0.3392932,-0.47933498,0.80939364,0,-0.018248655,-0.8569181,-0.5151294,0,0.94050366,-0.18955025,0.2819993,0,-281.77734,0.0000035330827,-91.555016,1],[-0.04713676,0.96366024,0.26293942,0,0.5096719,-0.20318532,0.83603245,0,0.8590766,0.17342071,-0.48157308,0,-108.11687,349.8736,-35.1293,1],[-0.41115704,-0.91102135,-0.03146428,0,-0.17362197,0.112149626,-0.9784057,0,0.89487725,-0.39681554,-0.20428443,0,139.91582,210.80241,62.294533,1],[-0.07807533,0.32037884,0.9440666,0,-0.9627302,-0.27019393,0.012074299,0,0.2589494,-0.9079387,0.32953387,0,245.62308,28.259146,109.35844,1],[0.15183175,0.4015421,0.90316725,0,0.24744914,-0.90010446,0.35858166,0,0.9569305,0.16904388,-0.23602569,0,129.95996,259.91992,75.03242,1],[-0.8653004,-0.44655275,0.2276968,0,-0.39595813,0.33039477,-0.85677093,0,0.3073636,-0.83152264,-0.46270692,0,242.92053,91.14012,140.25023,1],[-0.21684875,-0.3994533,0.8907378,0,-0.17276148,-0.8823439,-0.4377476,0,0.9607966,-0.24881017,0.122324996,0,218.40463,26.506432,126.09597,1],[0.4889275,-0.40161514,-0.7743741,0,0.15141384,0.9133103,-0.37807164,0,0.8590831,0.06759866,0.50735265,0,-0.000024919302,-329.13995,-0.000014387165,1],[0.51799595,-0.5856316,0.6234708,0,0.68593776,-0.15107797,-0.7118039,0,0.5110476,0.7963737,0.32344905,0,-215.89938,-224.47002,-124.649574,1],[0.12707214,0.42255625,0.8973845,0,0.4024859,-0.8488544,0.34271157,0,0.9065637,0.3176355,-0.27793866,0,-225.5617,-55.361744,-130.22812,1],[0.79892087,-0.33056685,0.5024449,0,-0.60081375,-0.47665018,0.6417378,0,0.027353203,-0.8145736,-0.5794149,0,-92.86994,330.04153,-53.618492,1],[-0.10731091,-0.6460744,0.75569326,0,-0.32492608,-0.6955556,-0.64080065,0,0.9396315,-0.31430936,-0.1352857,0,-63.717766,346.14276,-36.78747,1],[0.20107336,0.9730603,0.112796694,0,-0.005896664,-0.113944046,0.99346966,0,0.9795584,-0.20042542,-0.017173303,0,109.57765,304.2154,79.61282,1],[0.80567616,0.05759874,0.58954924,0,0.26711306,-0.9236548,-0.27479517,0,0.52871215,0.37887222,-0.75955206,0,226.4678,124.632675,164.53848,1],[-0.61444956,-0.73265004,-0.292704,0,-0.32589898,0.57357013,-0.7515365,0,0.71849954,-0.36638933,-0.5911998,0,204.34668,-82.070274,148.46654,1],[-0.6459268,-0.7421245,-0.17896867,0,-0.10747544,0.3205043,-0.94113016,0,0.755796,-0.5886665,-0.28678247,0,122.69113,-208.73466,89.14033,1],[0.12077876,0.92040944,0.37183177,0,0.55482996,-0.3731956,0.7435649,0,0.82315016,0.11649656,-0.5557448,0,-157.12291,-267.31354,-114.15647,1],[0.1886127,0.8496783,-0.49241453,0,-0.0961993,0.5149882,0.8517822,0,0.9773285,-0.11328701,0.17887178,0,-180.48088,-247.76279,-131.12703,1],[0.49197412,0.11302797,0.8632417,0,-0.81410724,-0.2916588,0.5021599,0,0.30853012,-0.94982094,-0.05147169,0,-190.27733,211.77124,-138.24457,1],[-0.07452673,0.79398423,0.60335296,0,-0.17172356,-0.6062155,0.7765397,0,0.98232216,-0.04573696,0.18152505,0,124.33797,289.79504,111.954414,1],[0.24840093,-0.42728782,0.8693228,0,-0.2797534,-0.89085424,-0.35793406,0,0.92738074,-0.15428483,-0.34082425,0,220.42262,96.37374,198.4694,1],[-0.21474452,-0.91305524,0.34672028,0,-0.45004585,-0.22255862,-0.8648274,0,0.8668007,-0.34175697,-0.3631235,0,190.61229,-114.198524,171.62808,1],[0.00024518263,0.8951291,0.44580698,0,-0.0029722343,-0.44580436,0.8951255,0,0.9999955,-0.001544512,0.00255123,0,176.95802,-173.00467,159.33372,1],[-0.34448412,0.88995415,0.29885167,0,-0.8652811,-0.42447883,0.26665768,0,0.3641693,-0.16673136,0.91628677,0,-51.62458,-326.8198,-46.482986,1],[0.76017547,-0.62589324,-0.17432998,0,0.37228465,0.63950527,-0.6726345,0,0.5324823,0.4464199,0.71914667,0,-129.43045,-301.66412,-116.53971,1],[0.8910258,-0.43100098,0.14251757,0,0.21624635,0.12695324,-0.9680498,0,0.39913732,0.89337623,0.20632099,0,-200.58487,-28.369026,-180.60744,1],[0.93173695,-0.0910151,0.35154292,0,-0.36188072,-0.31307733,0.8780802,0,0.030141566,-0.9453564,-0.32464236,0,-244.02168,69.79575,-219.71811,1],[-0.20593385,-0.9122759,0.35403943,0,-0.7746936,-0.06905539,-0.6285548,0,0.59786373,-0.40371284,-0.6925135,0,-105.87274,246.75795,-95.328255,1],[-0.3400287,-0.88278675,0.32414174,0,-0.2181664,-0.26122683,-0.94029987,0,0.9147589,-0.39044583,-0.10376979,0,-88.546326,267.61728,-79.72748,1],[-0.77138287,0.63191575,-0.075172275,0,0.37133485,0.5428957,0.75324273,0,0.5167967,0.5531245,-0.6534328,0,-26.501564,339.29468,-23.862118,1],[0.53078187,0.47649783,0.7008712,0,0.5477636,-0.8239156,0.14532062,0,0.6467037,0.30677822,-0.69832766,0,160.10893,215.44781,177.819,1],[-0.7308894,0.12960738,0.67007655,0,0.6051771,-0.33083677,0.72409093,0,0.31553352,0.9347454,0.16336964,0,207.55621,138.10452,230.51456,1],[-0.20999911,-0.94711995,0.24261943,0,0.75014675,-0.31523395,-0.58129805,0,0.6270408,0.059928108,0.77667785,0,202.19955,64.230865,224.56538,1],[0.27378815,0.1550267,0.94921374,0,-0.080111004,-0.97981876,0.18313213,0,0.9584478,-0.12618189,-0.25584343,0,-163.00465,-108.46068,-181.03503,1],[0.94979304,-0.30648202,-0.06294342,0,0.25345013,0.87161696,-0.41957942,0,0.18345611,0.3825606,0.9055336,0,-196.76103,30.90637,-218.52531,1],[0.6218071,0.6070479,0.494822,0,-0.53185034,-0.13647743,0.8357686,0,0.5748836,-0.7828581,0.237996,0,112.36539,263.11935,154.65767,1],[0.49284488,-0.6101089,0.6203798,0,-0.847995,-0.49653757,0.185351,0,0.19495755,-0.61742824,-0.76208526,0,162.51396,-0.000012085555,223.68127,1],[-0.22514352,-0.30867824,0.92413646,0,0.8663702,-0.4973764,0.04493749,0,0.44577244,0.81076163,0.37941068,0,161.01714,-89.00806,221.62105,1],[0.41516003,0.9050813,0.092033535,0,0.9002263,-0.4233055,0.102005176,0,0.13128127,0.04050254,-0.99051744,0,56.8114,-297.46832,78.19418,1],[-0.361685,0.63829285,0.6795339,0,0.2920342,-0.61463094,0.7327653,0,0.8853813,0.46347734,0.035899438,0,-21.02362,340.30457,-28.93653,1],[0.79837763,-0.42665118,-0.4249259,0,0.22078629,0.8639384,-0.45261896,0,0.5602202,0.26754302,0.78394777,0,12.36828,235.35266,21.422493,1],[-0.10572381,-0.7640557,0.6364286,0,0.9911223,-0.1328537,0.005149979,0,0.080617025,0.63132304,0.77131844,0,41.446,255.11534,71.78659,1],[0.9187007,0.39446515,-0.0196511,0,-0.26935866,0.66216624,0.6992723,0,0.28885084,-0.6371288,0.71458524,0,59.240204,266.1114,102.60706,1],[-0.038052976,-0.8073853,0.58879614,0,0.8834155,-0.30257267,-0.3578083,0,0.4670428,0.506536,0.72477055,0,140.37556,-29.508146,243.13762,1],[0.96011907,-0.22761843,0.16236134,0,-0.22843046,-0.9734609,-0.013902403,0,0.16121688,-0.023740316,-0.9866334,0,146.50897,-95.20729,253.76102,1],[0.36043954,-0.38750577,-0.84848255,0,0.084644996,0.9194601,-0.38396397,0,0.9289341,0.06657599,0.36421022,0,113.79362,-204.92052,197.09637,1],[0.16224563,0.9827774,-0.088458225,0,-0.6031066,0.16971841,0.77939594,0,0.7809857,-0.07310384,0.6202557,0,-27.60076,-259.70264,-47.805927,1],[-0.1407191,0.9268295,-0.34811664,0,0.022438819,0.35451066,0.9347827,0,0.98979527,0.12373045,-0.07068338,0,-61.339447,-275.54144,-106.24305,1],[-0.048817053,-0.8051342,0.5910803,0,0.10633845,-0.5926119,-0.798438,0,0.9931309,0.02387717,0.11454628,0,-124.56369,0.0000029708146,-215.75069,1],[-0.27226624,-0.63978565,0.71871096,0,-0.9167412,-0.05444765,-0.3957537,0,0.29232967,-0.7666223,-0.5716936,0,32.74523,247.77571,73.547005,1],[-0.7106775,0.6890943,0.14172691,0,0.53741866,0.4017523,0.74146897,0,0.45400292,0.60311204,-0.6558485,0,116.19097,92.81862,260.9692,1],[0.6680912,0.49121976,0.5588893,0,0.67489046,-0.7163375,-0.17715357,0,0.31333205,0.49554384,-0.81009835,0,117.14421,30.271059,263.11026,1],[0.008219922,-0.99996364,0.0022448997,0,0.9419747,0.0069897985,-0.33561108,0,0.3355832,0.004873336,0.94199795,0,-22.354511,-258.56946,-50.209064,1],[0.87726575,-0.053127855,0.47705588,0,0.4053702,-0.45024562,-0.795584,0,0.25705996,0.8913228,-0.37344858,0,-118.46364,94.63418,-266.0737,1],[0.66667664,0.5752519,0.47394878,0,0.52802503,-0.8133018,0.24439655,0,0.526053,0.08732333,-0.84595674,0,-28.710003,332.08194,-64.48372,1],[-0.1428063,0.42815956,0.89234847,0,-0.21159078,-0.8939525,0.39506733,0,0.966869,-0.1323946,0.21825665,0,0,272.4079,0,1],[-0.7059081,0.1634329,0.6891904,0,-0.36582384,-0.91731745,-0.15716729,0,0.60652006,-0.36306792,0.7073295,0,70.815094,166.4963,217.94649,1],[0.48476326,-0.8283657,-0.28073978,0,0.17929034,0.40827155,-0.89508057,0,0.8560721,0.38356826,0.346433,0,82.525215,28.068834,253.98653,1],[-0.51259726,-0.5820571,0.63123184,0,0.6047271,-0.76662976,-0.21583325,0,0.6095484,0.27108747,0.7449579,0,89.56539,-61.60732,275.654,1],[-0.6726091,0.38744888,-0.63046056,0,0.2067962,0.91644657,0.34258008,0,0.7105156,0.100045614,-0.6965332,0,26.30043,-261.9416,80.94441,1],[-0.14113684,0.30946416,-0.94037884,0,0.0063463678,0.9501504,0.31172737,0,0.98996973,0.03802823,-0.1360652,0,-0.000007781269,-288.03387,-0.000023948289,1],[0.28262785,0.9530084,0.10907081,0,-0.47692788,0.0409548,0.87798774,0,0.83226275,-0.3001627,0.46609125,0,-61.76345,-275.09857,-190.08836,1],[-0.09331176,0.60373163,0.79170775,0,-0.98765343,-0.15662554,0.0030315667,0,0.1258319,-0.78164995,0.6108926,0,-71.15874,-255.74574,-219.00407,1],[-0.22013897,-0.16218981,0.96189046,0,0.7128315,-0.6998819,0.045128077,0,0.66589046,0.6956003,0.2696853,0,-75.53611,-79.4234,-232.47626,1],[0.04983928,-0.5592444,0.8275033,0,-0.067283876,-0.8285308,-0.5558863,0,0.9964883,-0.02797266,-0.07892151,0,-76.0211,221.50798,-233.9689,1],[0.020076636,-0.9201605,0.39102647,0,0.2301741,-0.37634575,-0.89743173,0,0.97294235,0.108021565,0.20424132,0,43.519463,232.47017,204.74301,1],[-0.46363765,-0.744751,0.47998556,0,-0.877919,0.31303644,-0.36230698,0,0.119575486,-0.5893676,-0.79896647,0,58.088703,-59.38643,273.28592,1],[0.026124816,-0.4945464,0.8687585,0,0.08364298,-0.86492634,-0.49488014,0,0.9961533,0.08559421,0.018769296,0,44.029488,-190.67874,207.14249,1],[0.4872765,0.79565454,0.35985476,0,-0.73275685,0.1483948,0.66411316,0,0.4750041,-0.5872928,0.65533066,0,-34.819153,-290.0681,-163.81126,1],[-0.17472787,-0.67892855,0.7131102,0,0.9674254,-0.25312525,-0.0039513856,0,0.18318892,0.6891905,0.70104074,0,-51.571312,-110.43648,-242.624,1],[0.6170653,-0.06582332,0.78415406,0,0.20860294,-0.9471614,-0.24365997,0,0.75875896,0.31393096,-0.5707295,0,-7.371839,-331.7926,-70.13839,1],[0.85677457,-0.35481724,0.37422204,0,0.092290655,-0.60845584,-0.78820294,0,0.5073656,0.7098494,-0.4885632,0,-0.000009887415,100.709694,226.19772,1],[0.31874567,0.6122165,0.72359663,0,-0.78283113,-0.2603767,0.5651366,0,0.53439367,-0.7465888,0.39626816,0,-0.0000102415215,-210.96352,234.29868,1],[0.6664977,-0.54722863,0.5062822,0,-0.661144,-0.7476744,0.06222239,0,0.34448436,-0.3761965,-0.8601201,0,-0.000004139834,-291.48233,94.70836,1],[-0.7910703,-0.3396536,0.50876635,0,0.46476668,-0.8744781,0.13885255,0,0.39774325,0.3462998,0.84963334,0,0.000010477699,-266.21582,-239.70181,1],[-0.10157593,-0.8971468,0.42989525,0,0.854207,-0.30014926,-0.42454782,0,0.50991446,0.32409567,0.796837,0,0.0000037504453,264.0659,-85.80019,1],[-0.23033379,0.96043503,-0.15655966,0,0.05739236,0.17401323,0.9830694,0,0.9714178,0.21744877,-0.09520275,0,0.0000025927416,279.0551,-59.315018,1],[-0.042600226,-0.9272023,0.3721306,0,0.15297063,-0.3741302,-0.91467303,0,0.98731214,0.017959775,0.15777275,0,-19.448872,206.6437,185.04358,1],[0.006509332,-0.7383109,0.6744292,0,0.05658199,-0.673091,-0.73739207,0,0.9983767,0.042960472,0.037393723,0,-23.536291,-250.07242,223.93274,1],[0.017013181,0.9841009,0.17679407,0,-0.0062350854,-0.17671181,0.9842429,0,0.99983585,-0.017847428,0.0031295225,0,-20.747868,-273.19818,197.4027,1],[0.56971,-0.6749766,0.46886784,0,0.34812656,-0.31859684,-0.88164836,0,0.7444719,0.6655093,0.053469494,0,-9.808545,-288.7977,93.32203,1],[-0.038078677,0.6911991,0.7216604,0,0.021524679,-0.72144926,0.69213265,0,0.99904287,0.041889004,0.012593996,0,18.220354,-301.9136,-173.35501,1],[0.42278156,0.4321033,0.7965818,0,0.859712,-0.46924853,-0.2017452,0,0.28662005,0.7701251,-0.569874,0,21.479568,-282.8329,-204.36435,1],[0.0068414374,-0.34534258,0.93845177,0,0.89423907,-0.41789907,-0.16030256,0,0.44753742,0.8402969,0.3059598,0,29.77576,-29.939724,-283.2973,1],[-0.9896303,0.14258228,-0.017382331,0,0.13875052,0.98023075,0.14105281,0,0.037150327,0.13717832,-0.98984945,0,12.522282,207.4957,-119.1415,1],[0.24393323,0.77784836,-0.57917917,0,-0.24642125,0.6273334,0.73873496,0,0.93796223,-0.03747996,0.34470582,0,10.801194,232.08875,-102.76646,1],[-0.28442815,0.9510316,0.120993495,0,0.5367952,0.05341649,0.8420199,0,0.7943246,0.30444288,-0.52570236,0,-6.6211095,302.99246,31.149885,1],[-0.046744835,0.28337103,0.9578704,0,0.8748934,-0.45114246,0.17615896,0,0.48205438,0.8462691,-0.22683088,0,-57.840633,90.39206,272.1189,1],[-0.21136075,0.7824397,-0.58576,0,0.22456934,0.6221417,0.75000554,0,0.95125985,0.026978007,-0.3072083,0,-58.65285,-0.000012331189,275.94006,1],[0.13505131,0.86906683,0.47590327,0,0.96939415,-0.2152759,0.11803072,0,0.20502709,0.44539768,-0.8715417,0,-64.95408,-66.40519,305.58502,1],[0.14309107,0.76791346,-0.6243667,0,-0.04739742,0.63545173,0.7706845,0,0.9885739,-0.08068469,0.12732458,0,-63.096092,-175.2117,296.84387,1],[-0.81212556,0.41668242,0.40844566,0,0.05479008,-0.64246064,0.76435745,0,0.5809046,0.643133,0.49892864,0,-26.422825,-285.4417,124.30967,1],[0.5453652,-0.60384226,0.58133584,0,0.09604604,-0.64396656,-0.7590009,0,0.83267754,0.4697677,-0.2932003,0,55.40474,-28.00837,-260.65887,1],[-0.53863627,0.4334754,0.72247493,0,-0.8360534,-0.38117573,-0.39461347,0,0.10433469,-0.8165808,0.5677237,0,36.16398,193.17906,-170.1382,1],[-0.72851735,-0.17606266,-0.66201544,0,-0.050312836,0.9775493,-0.20461178,0,0.68317723,-0.11575535,-0.72101986,0,29.427618,194.81178,-138.4461,1],[0.055289034,0.81789124,0.5727103,0,0.67305964,-0.45420903,0.5836822,0,0.7375187,0.35319695,-0.57560235,0,17.759233,262.88724,-83.55065,1],[0.018993175,0.74897575,0.662325,0,0.25325063,-0.64444524,0.7214945,0,0.9672142,0.15403077,-0.20191866,0,-41.481403,301.50052,127.66667,1],[-0.39306176,0.052982062,0.91798437,0,0.47124115,-0.8456593,0.2505834,0,0.7895785,0.5310868,0.307429,0,-62.07691,180.87775,191.05312,1],[-0.2565694,0.95552933,0.14538127,0,0.12179057,-0.11725527,0.9856055,0,0.9588218,0.2705823,-0.08629036,0,-36.83468,-267.72665,113.365524,1],[0.99011153,0.0076719075,0.14007261,0,-0.10500253,-0.62160367,0.7762624,0,0.09302506,-0.7832943,-0.6146513,0,73.7721,-173.44873,-227.04723,1],[-0.022405531,-0.4106707,0.9115084,0,-0.23460476,-0.88411874,-0.40409732,0,0.9718326,-0.22289823,-0.076536156,0,37.697037,211.29312,-116.01958,1],[0.8130464,-0.5821906,-0.0031124428,0,0.5738812,0.80231965,-0.16414483,0,0.09806075,0.1316712,0.98643136,0,-135.67752,-148.51753,304.73676,1],[-0.058817886,-0.555362,0.82952607,0,-0.34972355,-0.7668399,-0.5381913,0,0.9350048,-0.3217601,-0.14911927,0,-97.722046,-216.33005,219.48735,1],[-0.1873146,0.6915692,0.69759965,0,0.9168188,-0.13186416,0.37690204,0,0.3526422,0.71017176,-0.6093436,0,66.026596,-223.4317,-148.2982,1],[-0.004239481,0.65220726,0.7580288,0,0.004253108,-0.75801694,0.6522209,0,0.99998194,0.005989057,0.00043969063,0,-52.104897,320.72473,90.24832,1],[-0.25813696,0.580881,0.7719732,0,-0.2459033,-0.8122424,0.52895546,0,0.9342895,-0.0532878,0.35251033,0,-133.23068,193.59549,230.76224,1],[-0.7784369,-0.5703804,0.26211104,0,-0.41241005,0.14991358,-0.8985789,0,0.47323772,-0.80758417,-0.3519289,0,-150.04031,173.25157,259.87738,1],[-0.3977124,0.7067685,-0.58506674,0,0.26392853,0.69884324,0.66480064,0,0.87873006,0.10998369,-0.464475,0,-134.92151,-196.05237,233.69086,1],[0.25559983,0.27870727,0.92573804,0,-0.460749,-0.80669105,0.37008095,0,0.84992886,-0.5211255,-0.07777599,0,-64.23665,-222.52223,111.26113,1],[0.005835486,0.8551576,0.5183353,0,0.22168972,-0.5065521,0.8332218,0,0.9750998,0.11004734,-0.19253561,0,126.4736,-82.18754,-219.05865,1],[-0.57998294,0.013423979,0.814518,0,0.23099808,-0.95611346,0.18024135,0,0.7811912,0.29268903,0.5514286,0,140.13533,59.573296,-242.72147,1],[-0.006389914,0.45222375,0.89188164,0,0.948121,-0.28075224,0.14914674,0,0.31784543,0.84656477,-0.42696884,0,43.275673,266.37766,-74.95565,1],[0.40983883,0.007185608,0.91212964,0,-0.50062495,-0.8341323,0.23151237,0,0.76250035,-0.5515176,-0.33826253,0,-130.39145,246.37296,179.46848,1],[-0.20588212,0.070938915,0.9760022,0,0.26618215,-0.955703,0.12561318,0,0.9416791,0.2856559,0.17787948,0,-146.57835,224.53735,201.74783,1],[0.040709324,0.4831492,0.8745911,0,-0.9989494,0.001246443,0.04580922,0,0.02104256,-0.87553716,0.48269236,0,-165.17319,204.16531,227.34142,1],[0.45119393,0.36480153,0.81445926,0,0.79016083,-0.58750844,-0.17458427,0,0.4148131,0.72232515,-0.5533321,0,-179.11261,-0.000013319936,246.52739,1],[-0.5530153,0.7899755,-0.26478803,0,0.08315603,0.36855373,0.9258797,0,0.82901096,0.4900069,-0.26950708,0,60.60195,-317.31598,-83.41144,1],[0.16911103,0.5612138,0.8102102,0,0.5651558,-0.7286938,0.38678724,0,0.80746543,0.392485,-0.44040337,0,125.50641,-123.27827,-172.74475,1],[-0.68556607,0.12728786,0.71679634,0,-0.7089363,-0.34063107,-0.6175596,0,0.16555525,-0.93154085,0.3237641,0,163.48575,59.12012,-225.01886,1],[0.059359103,0.31720585,0.9464972,0,0.19983214,-0.9327524,0.30006713,0,0.9780305,0.17132884,-0.11875527,0,-20.074123,285.4338,22.294569,1],[-0.47030535,0.39719117,0.7880686,0,0.49103597,-0.6242158,0.60764986,0,0.733278,0.67275107,0.09853687,0,-43.74064,307.53857,48.57889,1],[0.0012269793,0.9958883,0.09058143,0,-0.060662117,-0.09034056,0.9940617,0,0.9981576,-0.006714555,0.060301848,0,-157.37946,261.21594,174.78758,1],[-0.8590982,-0.1543037,0.48799664,0,-0.20852137,-0.76522505,-0.6090562,0,0.46740687,-0.6249968,0.6252278,0,24.343533,-346.14063,-27.036228,1],[-0.7894015,-0.51360494,0.3362369,0,-0.22164653,-0.27231318,-0.93633235,0,0.5724667,-0.81366795,0.10112567,0,164.84355,109.684235,-183.07729,1],[-0.26819548,-0.59645337,0.7565148,0,0.77261394,-0.60224473,-0.20092048,0,0.5754467,0.5306079,0.6223474,0,0,275.75452,0,1],[0.21312273,0.89228827,-0.3979955,0,-0.30756524,0.44791567,0.83950883,0,0.9273523,-0.05650885,0.36989784,0,-166.30162,-201.49327,149.73866,1],[-0.5488453,0.3707856,0.7491907,0,0.23907909,-0.7891773,0.56572115,0,0.8010056,0.48960924,0.34448916,0,51.76787,-327.72693,-46.612007,1],[0.14618294,0.5662994,0.81113225,0,-0.22615719,-0.77909535,0.5846908,0,0.9630594,-0.2689152,0.014182233,0,246.7089,-34.892418,-222.1377,1],[0.5119675,-0.6387256,0.57438576,0,0.15149327,-0.5910469,-0.79228365,0,0.8455407,0.492639,-0.20583418,0,171.80257,167.96432,-154.69174,1],[0.66806835,0.7437618,0.022431433,0,-0.32545573,0.2649588,0.90767586,0,0.6691511,-0.61368996,0.4190721,0,-251.27876,179.32358,182.56467,1],[0.22823888,-0.86782634,0.44134378,0,0.71912473,-0.15531908,-0.6773001,0,0.6563281,0.4719675,0.5886256,0,-211.62576,-27.493576,153.75508,1],[-0.4511848,0.891241,-0.046062157,0,0.04227096,0.07289873,0.9964431,0,0.8914289,0.4476329,-0.07056441,0,76.68338,-291.72092,-55.71373,1],[0.26941228,-0.94043267,-0.20737237,0,0.5250551,0.32395563,-0.7870005,0,0.8073005,0.103145674,0.5810566,0,181.39044,-249.01141,-131.78784,1],[0.52442116,0.38613337,0.7588699,0,0.46097457,-0.87809837,0.12824103,0,0.7158805,0.28256738,-0.63849103,0,185.1866,-132.15729,-134.54591,1],[0.04794674,0.17563683,0.98328674,0,-0.042284593,-0.9831795,0.17767948,0,0.9979545,-0.050097037,-0.039713524,0,216.71869,-87.03919,-157.45529,1],[0.9672596,0.157914,-0.19867577,0,-0.14492856,0.9863327,0.07837999,0,0.20833771,-0.04702,0.9769261,0,246.1871,-64.68188,-178.86536,1],[0.4882973,0.87184453,0.03811676,0,-0.8599458,0.47328073,0.19104601,0,0.14852248,-0.12606561,0.9808407,0,191.01909,136.31961,-138.78345,1],[-0.8540597,0.5144051,-0.07726239,0,0.2773453,0.575972,0.7689836,0,0.44007006,0.63532954,-0.63458234,0,123.11798,209.46078,-89.45045,1],[-0.009467041,-0.9983712,0.056261323,0,0.9057523,-0.032401748,-0.422567,0,0.42370167,0.046958365,0.90458375,0,-25.194872,276.79697,14.546269,1],[-0.04986978,0.82599235,0.561471,0,-0.5205047,-0.5012859,0.69122165,0,0.85240126,-0.25777718,0.4549319,0,-233.90619,196.23306,135.04584,1],[0.89093757,0.38664216,0.23819765,0,-0.26355,0.013064653,0.9645573,0,0.36982653,-0.92213726,0.11353933,0,-287.13705,70.47467,165.77869,1],[0.09925984,-0.40523183,0.9088095,0,-0.112939626,-0.912006,-0.39432186,0,0.9886314,-0.06350028,-0.1362923,0,-212.1102,-79.580536,122.46188,1],[-0.95911366,-0.2474408,0.13738272,0,-0.169961,0.115420915,-0.97866815,0,0.22630559,-0.9620037,-0.15275706,0,-137.59526,-275.1905,79.440674,1],[-0.07782101,0.9816083,-0.1743246,0,0.26339972,0.1888855,0.94601417,0,0.9615428,0.02770273,-0.27325463,0,50.16967,-272.54355,-28.965477,1],[-0.13498454,-0.122319095,0.9832686,0,-0.8564836,-0.48456362,-0.17785925,0,0.4982118,-0.8661617,-0.039355703,0,134.0188,-268.0376,-77.3758,1],[-0.060642,0.65288985,0.7550215,0,0.9964476,-0.004685156,0.08408432,0,0.058435187,0.7574384,-0.6502864,0,204.5395,-171.59627,-118.09095,1],[-0.1059197,0.984805,-0.1376234,0,0.11423776,0.149537,0.9821346,0,0.9877908,0.08830561,-0.12834083,0,201.71753,-134.47833,-116.46169,1],[0.953195,-0.2969601,0.056868806,0,0.30219743,0.92959374,-0.21102668,0,0.009801621,0.21833518,0.9758246,0,289.57193,-35.143543,-167.18445,1],[-0.051705733,-0.88222045,0.4679888,0,-0.69673675,-0.30385783,-0.64979094,0,0.715461,-0.35966292,-0.5989642,0,304.3845,0.0000041912726,-175.73648,1],[0.13588522,-0.8111986,-0.56876355,0,0.15204127,0.5843627,-0.7971222,0,0.9789886,0.021841593,0.2027419,0,300.33832,36.450195,-173.40042,1],[-0.9037691,0.20150307,0.37762135,0,-0.41051722,-0.65779275,-0.6314936,0,0.12114869,-0.72574455,0.67721325,0,-263.27283,-0.0000125970955,117.21658,1],[0.109504506,0.216831,0.97004795,0,0.12058226,-0.97160697,0.2035675,0,0.98664516,0.09467902,-0.13254131,0,269.42413,-62.687557,-119.95534,1],[0.74761885,-0.057563808,0.66162866,0,0.64727587,-0.15984476,-0.74530774,0,0.14866062,0.98546237,-0.082243286,0,291.5549,103.69706,-129.8086,1],[-0.81746465,-0.16413052,0.5520984,0,0.3139432,-0.9306052,0.18818521,0,0.4828987,0.32716233,0.8122645,0,121.87697,231.07442,-54.26311,1],[0.01837193,0.6583034,0.7525285,0,0.3636085,-0.7055187,0.6083027,0,0.9313707,0.26245007,-0.25232646,0,106.184685,261.06506,-47.27646,1],[0.21472229,0.5325818,0.81868863,0,0.44333306,-0.8000563,0.40418524,0,0.8702586,0.27616417,-0.40790102,0,28.108547,292.7435,-12.5147295,1],[-0.579416,0.78411335,0.2223587,0,-0.8127211,-0.5763851,-0.08523342,0,0.061331578,-0.23010121,0.9712322,0,-26.08333,260.9375,8.474989,1],[0.36133817,0.79222876,0.49174002,0,-0.9316103,0.2845603,0.22611433,0,0.039204583,-0.5398138,0.840871,0,-128.66376,234.32062,41.805393,1],[0.26251468,0.9034811,0.33883315,0,-0.31781143,-0.25059906,0.9144375,0,0.9110883,-0.34773836,0.22135068,0,-253.9584,-28.065754,82.5161,1],[0.4979711,0.41612482,-0.76083165,0,-0.17279361,0.90736896,0.3831761,0,0.84980416,-0.059343763,0.52374727,0,-191.05882,175.87335,40.610786,1],[0.32499304,0.60666144,0.7254939,0,-0.9267405,0.051390395,0.3721708,0,0.18849824,-0.7932975,0.57891923,0,-309.66895,33.274635,65.82214,1],[0.6472694,0.6610575,0.3795328,0,-0.50668645,0.0011439621,0.86212957,0,0.5694831,-0.7503343,0.33568937,0,79.21658,-249.25032,-16.838,1],[-0.40166003,-0.81626713,0.4151833,0,0.79897296,-0.53390884,-0.2767374,0,0.4475617,0.22056589,0.8666252,0,184.6828,209.69336,-39.255524,1],[0.47769877,-0.2708125,0.83574194,0,-0.14758961,-0.96252054,-0.22753344,0,0.86603767,-0.014654376,-0.499764,0,31.315325,304.60114,-6.656275,1],[-0.6810932,-0.02971831,0.7315934,0,-0.44219193,-0.7796894,-0.44334048,0,0.5835909,-0.62546086,0.51789993,0,0,284.76047,0,1],[0.07650104,0.47727746,0.87541634,0,0.43649837,-0.8054153,0.40096807,0,0.89644676,0.35144332,-0.26994592,0,-191.70267,173.56061,20.148767,1],[-0.06354825,-0.9191821,-0.38867193,0,-0.016030293,0.39034903,-0.92052746,0,0.99785,-0.05226738,-0.039540753,0,-274.91614,159.59718,28.894861,1],[-0.3510347,-0.7743396,0.5264721,0,-0.38068736,-0.39566576,-0.83577853,0,0.85548335,-0.49380857,-0.15588889,0,273.48947,122.43608,-28.74491,1],[0.05026192,0.8606802,0.5066589,0,-0.17481102,-0.4918874,0.852929,0,0.98331827,-0.13143942,0.12573318,0,30.93096,295.9089,-3.2509756,1],[-0.84044117,0.41406953,0.34957838,0,-0.52606416,-0.7782384,-0.34293064,0,0.13005821,-0.47211367,0.8718907,0,-195.22801,175.78406,-0.000017067374,1],[-0.7583788,0.59676754,0.26216438,0,0.6437719,0.62277955,0.4446386,0,0.10207526,0.5059785,-0.85648495,0,-233.35219,-210.1113,-0.000020400297,1],[0.5789901,-0.40914875,0.70524305,0,0.34074616,-0.664388,-0.6651922,0,0.7407176,0.6254486,-0.24525821,0,-213.12521,-236.69952,-0.000018632,1],[0.96417654,-0.06390324,0.25744927,0,-0.23016855,-0.6839888,0.69222957,0,0.1318567,-0.72668815,-0.67419446,0,156.81561,-271.6126,0.000013709257,1],[0.792317,0.60957164,-0.025616068,0,-0.60406023,0.7896671,0.10741076,0,0.085702725,-0.06962972,0.9938846,0,209.9208,-189.0136,0.00001835186,1],[-0.9785513,0.18276769,0.09504385,0,0.16579667,0.42490283,0.88992643,0,0.122265406,0.8865966,-0.44609147,0,-83.45305,258.25684,-8.771253,1],[-0.95315385,0.11260249,0.28074598,0,0.044421874,-0.8659594,0.49813744,0,0.29920614,0.48727292,0.8203906,0,-197.95392,-273.96106,-20.805758,1],[-0.5744212,0.8165605,0.057176143,0,0.23731418,0.099277794,0.9663467,0,0.7834043,0.5686587,-0.2508087,0,-93.26209,-288.6122,-9.802222,1],[0.2205585,-0.59231216,0.77493244,0,0.7257466,-0.431146,-0.5361017,0,0.6516486,0.6806463,0.33477563,0,223.78964,-202.61107,23.521194,1],[0.73664445,0.63791674,0.22453767,0,-0.601333,0.46593133,0.6490813,0,0.3094407,-0.613164,0.7268262,0,271.00308,28.640438,28.483517,1],[-0.15351692,0.9028237,-0.4016738,0,0.23753116,0.42828962,0.871864,0,0.9591723,0.038435835,-0.28019845,0,213.24646,123.79604,22.413065,1],[-0.37706143,-0.5468575,0.7475102,0,0.54907924,-0.7819457,-0.2950812,0,0.74587977,0.29917863,0.59510964,0,175.91591,196.45062,18.489471,1],[-0.16022685,-0.9259475,0.34197742,0,-0.10376904,-0.32873273,-0.9387048,0,0.9816106,-0.18589239,-0.043412875,0,93.22423,288.49512,9.798243,1],[0.14827536,0.6272536,0.76457,0,-0.98747665,0.05177691,0.14902653,0,0.05389035,-0.77709204,0.62707555,0,0,306.3314,0,1],[-0.50009704,-0.4791502,0.72133076,0,0.2754961,-0.8777289,-0.3920382,0,0.820978,0.0026666769,0.57095367,0,-196.17,180.5783,-41.697197,1],[0.014973269,0.79722273,0.60349953,0,0.67755896,-0.45195228,0.5802181,0,0.73531604,0.40021873,-0.5469326,0,-300.12384,-136.60895,-63.793266,1],[-0.1703155,-0.26273447,0.94971746,0,-0.21128803,-0.9316453,-0.29562578,0,0.96247077,-0.25101358,0.10316097,0,-192.2072,181.97037,-62.45186,1],[0.08032862,-0.93053246,0.3572909,0,-0.38585284,-0.35953236,-0.84962004,0,0.91905653,-0.0696129,-0.3879293,0,-246.74197,-233.60071,-80.171265,1],[-0.15999587,-0.9857725,0.051515386,0,-0.5154737,0.03892927,-0.8560206,0,0.8418362,-0.1635146,-0.51436836,0,217.77,101.947105,70.75772,1],[0.72906137,-0.48724034,-0.48069376,0,0.096131556,0.76824075,-0.632902,0,0.67766386,0.41521454,0.6069338,0,-170.31613,207.05612,-75.82956,1],[-0.3520625,0.0056185424,0.9359596,0,0.42719093,-0.888788,0.16602382,0,0.8328024,0.45828423,0.31050873,0,-217.79204,173.20995,-96.96718,1],[0.31726652,-0.421098,0.8497167,0,0.9440899,0.0555489,-0.32497483,0,0.08964543,0.9053126,0.41517815,0,-244.71315,-194.62027,-108.95322,1],[-0.21515024,0.85292935,0.47562784,0,0.27732065,-0.41362333,0.8671845,0,0.93637794,0.31847638,-0.14754377,0,52.399788,-269.85132,23.329868,1],[-0.8239628,-0.0011347383,0.5666427,0,0.5540741,-0.21107326,0.8052639,0,0.11868938,0.97746956,0.17454526,0,175.86743,-213.80493,78.301155,1],[0.5355746,-0.8429611,-0.05075948,0,0.72285813,0.48868468,-0.4885319,0,0.4366187,0.22495338,0.87106836,0,259.04895,-163.71591,115.33592,1],[0.6909936,0.72265184,0.017381571,0,-0.082137495,0.05460398,0.99512404,0,0.7181791,-0.68905205,0.09708782,0,244.82146,87.0754,109.00143,1],[-0.06550151,-0.47699732,0.87646055,0,-0.2844298,-0.83298355,-0.47459242,0,0.9564566,-0.280378,-0.08111057,0,175.23067,172.70999,78.01765,1],[0.47481152,-0.02210664,0.87980986,0,-0.8446292,-0.29234806,0.44847974,0,0.24729629,-0.9560565,-0.15748212,0,57.655445,296.91724,25.669834,1],[-0.71163887,-0.1875563,0.67704713,0,-0.27763203,-0.8101857,-0.5162554,0,0.6453608,-0.55535734,0.524488,0,-58.56088,318.12833,-33.810123,1],[-0.6581335,0.64356226,-0.39075303,0,0.4776504,0.7580747,0.4440415,0,0.58198833,0.10559522,-0.80631214,0,-235.4003,156.9335,-135.90837,1],[0.0045237863,0.80096626,0.5986925,0,-0.001014326,-0.5986946,0.80097675,0,0.9999893,-0.0042307167,-0.0018959254,0,-154.93036,-246.23224,-89.449036,1],[0.75521964,0.55765665,-0.34447414,0,-0.28462607,0.7524054,0.5940321,0,0.5904501,-0.35057837,0.72695494,0,-53.43357,-290.2747,-30.849874,1],[-0.32338312,-0.852202,-0.411309,0,-0.15138698,0.47565866,-0.86650497,0,0.93407995,-0.21794626,-0.28283226,0,0.000020977757,-277.0791,0.000012111508,1],[-0.80139613,0.59765977,0.023813188,0,0.3865234,0.48708087,0.7831679,0,0.45646897,0.63683206,-0.6213542,0,301.70374,0.0000041543594,174.18864,1],[-0.9678926,-0.12444605,0.21839653,0,0.15926667,-0.97580254,0.14981125,0,0.1944685,0.1797845,0.9642922,0,283.477,34.40384,163.66544,1],[0.15123735,0.58106333,0.79968286,0,0.9412337,-0.331811,0.06309191,0,0.30200398,0.7431466,-0.59709865,0,-219.82655,-156.87793,-159.71323,1],[-0.74762726,-0.11787495,0.65357405,0,0.6636501,-0.16956094,0.7285723,0,0.024940202,0.978445,0.2049961,0,-184.48604,-205.32568,-134.03687,1],[0.029445907,0.11309227,0.993148,0,-0.11031579,-0.9871417,0.115679085,0,0.9934603,-0.112966195,-0.016591417,0,22.287182,-262.1062,16.192575,1],[0.79526365,-0.39450812,0.4603467,0,-0.5588689,-0.7713558,0.30442697,0,0.23499218,-0.4993731,-0.8339096,0,118.04008,-200.82181,85.761086,1],[0.990665,0.06664064,0.11891988,0,-0.06909173,-0.50655496,0.859435,0,0.11751274,-0.8596285,-0.4972219,0,269.98633,0.0000039795877,196.15643,1],[0.57802534,-0.81314045,0.06847875,0,0.7239161,0.47224614,-0.5029205,0,0.3766062,0.34027365,0.8616157,0,211.47246,84.93219,153.64365,1],[-0.03799231,0.192309,0.98059875,0,0.4733378,-0.8607712,0.18714814,0,0.8800613,0.47126463,-0.058324434,0,-19.819313,253.74345,-17.84538,1],[0.78035295,0.3997737,0.48086408,0,0.62511456,-0.51930636,-0.58271146,0,0.016763054,0.7553158,-0.65514666,0,-170.24927,254.43349,-153.29306,1],[0.31388232,0.5460398,0.7767357,0,0.3568771,-0.82594186,0.4364158,0,0.879839,0.140216,-0.45411766,0,-217.46347,168.94763,-195.80492,1],[0.123566054,-0.21400958,0.9689847,0,0.0529601,-0.9736542,-0.2217944,0,0.99092215,0.07872379,-0.10897663,0,-39.348972,-249.10678,-35.429962,1],[-0.67709017,0.43941078,0.590311,0,0.7337006,0.34111392,0.5876434,0,0.05685353,0.8309991,-0.5533608,0,0,227.24503,0,1],[-0.3465136,-0.8956454,0.27883282,0,-0.43118846,-0.111902714,-0.8952956,0,0.8330695,-0.43046162,-0.34741613,0,-173.94704,234.06871,-193.18762,1],[0.22244664,-0.8944972,0.38780424,0,0.7810311,-0.07457799,-0.620023,0,0.58353055,0.4408092,0.6820405,0,-174.35924,27.387598,-193.64543,1],[-0.26647833,0.95843846,0.101906896,0,0.028361276,-0.097886965,0.99479336,0,0.96342355,0.26798105,-0.0010977811,0,-179.30327,-194.68753,-199.13632,1],[0.00088832626,0.7011025,0.7130599,0,-0.00568445,-0.7130451,0.70109504,0,0.99998343,-0.0046761543,0.0033519655,0,-77.937225,-201.74113,-86.558,1],[-0.11887699,0.13624886,0.9835164,0,0.9912068,-0.041691147,0.12558211,0,0.058114342,0.989797,-0.13009468,0,180.4901,-120.09515,200.45442,1],[-0.26925865,-0.30948362,0.91198665,0,-0.81234246,-0.43566313,-0.387682,0,0.5173002,-0.84523225,-0.13410063,0,195.02452,-94.70094,216.59651,1],[-0.72408545,0.48500034,-0.4903825,0,0.34342274,0.87012124,0.35348263,0,0.59813136,0.087543115,-0.79660225,0,172.29298,54.730648,191.35062,1],[0.34062746,0.08698945,0.93616545,0,0.9375658,-0.105887905,-0.33129773,0,0.07030919,0.99056584,-0.11762665,0,-160.66466,-0.000011948023,-221.13576,1],[-0.27056643,-0.23688962,0.9331008,0,0.7297614,-0.68262804,0.038304,0,0.62788695,0.69130474,0.35756913,0,-177.34619,-174.19766,-244.09587,1],[-0.17739785,-0.9767075,0.12071624,0,-0.031498887,-0.11696389,-0.99263656,0,0.983635,-0.17989402,-0.010016058,0,-53.023323,-202.61191,-72.98028,1],[0.1735247,-0.05489987,0.9832982,0,0.16292413,-0.98308706,-0.08363965,0,0.9712595,0.17471655,-0.16164535,0,0.000013878942,-270.09268,0.000019102707,1],[0.7728336,0.34120932,0.5350743,0,0.48229083,-0.863799,-0.14576346,0,0.41246074,0.37071234,-0.8321349,0,158.53575,-155.72112,218.20555,1],[0.11170562,0.9452277,0.30670258,0,-0.17033263,-0.28585434,0.94301325,0,0.97903454,-0.15758134,0.12907156,0,131.9305,249.28084,181.5866,1],[0.34880075,-0.52228785,0.77817315,0,0.48049277,-0.613232,-0.6269555,0,0.8046519,0.5925891,0.037059758,0,117.385735,274.875,161.56746,1],[0.05290806,0.2782759,0.95904285,0,0.98301286,-0.18353401,-0.0009761937,0,0.17574534,0.94280314,-0.2832592,0,64.11278,335.69873,88.24359,1],[-0.39624974,-0.3363394,0.8543197,0,0.28766808,-0.92911565,-0.23236012,0,0.87191355,0.15368785,0.46491593,0,0,241.99565,0,1],[0.6696805,0.5645865,0.48246253,0,-0.13261092,-0.54829985,0.8257007,0,0.7307136,-0.61693543,-0.29231536,0,-43.08656,265.21356,-74.628105,1],[0.2972028,0.9028059,0.31082457,0,0.71960044,-0.4257516,0.54855335,0,0.6275713,0.060637917,-0.77619416,0,-98.28429,270.5534,-170.23337,1],[-0.12935384,-0.8236999,0.5520743,0,-0.9616888,-0.03150049,-0.2723276,0,0.24170685,-0.5661503,-0.7880683,0,-123.8541,80.48526,-214.52159,1],[-0.3134833,0.6643786,0.6784758,0,0.46697187,-0.51427287,0.7193474,0,0.82684064,0.5423325,-0.14903015,0,-112.773056,-203.08264,-195.32864,1],[-0.036637172,-0.32350785,0.94551593,0,0.5760921,-0.7799486,-0.24453643,0,0.81656325,0.5357452,0.21494545,0,33.910156,-319.06927,58.734104,1],[-0.073465355,0.029292628,0.9968675,0,0.010676555,-0.9994882,0.030156463,0,0.9972406,0.012858567,0.073115006,0,53.48431,-329.21555,92.637535,1],[0.18187797,-0.95519125,0.23351681,0,0.39234614,-0.14726171,-0.9079529,0,0.90165675,0.25675607,0.34798196,0,144.15662,-166.45766,249.68654,1],[-0.14699388,0.7964773,0.5865294,0,0.019484447,-0.59052396,0.80678487,0,0.9889455,0.13002063,0.071284495,0,149.69388,-133.296,259.27737,1],[0.0035955808,0.73556083,0.67744905,0,0.035595633,-0.67711824,0.73501277,0,0.9993598,0.021471431,-0.02861739,0,-11.272689,263.6901,-25.31886,1],[-0.14513047,0.57446307,0.80556154,0,-0.54087114,-0.72782326,0.4215825,0,0.8284899,-0.37452048,0.41633978,0,-106.48333,55.647106,-239.16536,1],[0.5269259,0.843646,-0.103007585,0,-0.0027414372,0.122884504,0.9924172,0,0.8499068,-0.522648,0.06706384,0,-49.186367,-209.45554,-110.474335,1],[-0.093683615,-0.9752745,0.20015731,0,-0.55098253,-0.11666088,-0.8263222,0,0.8292416,-0.18769604,-0.5264301,0,-19.468636,-225.18929,-43.727257,1],[0.8397124,0.23273966,0.49062756,0,0.27389663,-0.96167684,-0.012583941,0,0.46889636,0.14494811,-0.8712785,0,-10.447983,-244.39856,-23.466543,1],[0.17993736,0.6885684,0.7024928,0,-0.9720211,0.014845021,0.23442394,0,0.1509884,-0.7250194,0.6719742,0,129.77826,-67.82089,291.4866,1],[0.118378386,-0.78913474,0.6027046,0,0.10901074,-0.5929756,-0.7978073,0,0.98696667,0.16014442,0.01582867,0,133.4932,0.00000391381,299.8305,1],[-0.46204388,0.31078672,0.83061844,0,-0.87999433,-0.2769537,-0.38588414,0,0.11011519,-0.909235,0.40145534,0,119.78057,170.02477,269.03146,1],[-0.0003792555,-0.33336622,0.9427973,0,-0.49738005,-0.8178447,-0.28938398,0,0.8675327,-0.46903834,-0.16549954,0,42.76731,323.61047,96.056915,1],[-0.441499,0.55582774,0.70436794,0,0.27799252,-0.66165656,0.6963697,0,0.85311127,0.50325555,0.13760474,0,-30.416862,302.93933,-93.61339,1],[0.5354492,0.17395596,0.8264584,0,-0.07975289,-0.963771,0.25452867,0,0.84079343,-0.20219964,-0.502177,0,9.62037,-296.2026,29.608423,1],[-0.3845141,0.84085655,0.38093176,0,0.14071769,-0.3544436,0.9244286,0,0.91233075,0.40905967,0.017965185,0,88.64672,-165.62245,272.8263,1],[0.31850156,-0.52101535,0.7918962,0,0.9463234,0.12626441,-0.29753867,0,0.05503391,0.84415656,0.53326446,0,-6.7633047,309.4988,-31.818783,1],[0.023561142,0.5358612,0.8439773,0,0.3724548,-0.7881409,0.4900117,0,0.92775124,0.30279812,-0.21815357,0,-21.540325,318.85736,-101.33906,1],[0.2948274,-0.21445318,0.9311748,0,-0.13649414,-0.973949,-0.18108761,0,0.9457516,-0.07371033,-0.31641847,0,-15.623896,-231.27756,-73.5045,1],[0.01243687,0.9963013,0.08502385,0,-0.035161223,-0.084542036,0.9957993,0,0.99930423,-0.015374169,0.033979736,0,31.048435,-335.41077,146.0711,1],[0.07910333,-0.3608973,0.92924476,0,-0.89719665,-0.43206364,-0.0914284,0,0.43448913,-0.826483,-0.35797355,0,70.12993,0.0000040223304,329.93472,1],[-0.83184236,0.11668815,0.54260683,0,0.10186652,-0.92894167,0.35593608,0,0.54558367,0.3513562,0.76084644,0,69.245605,108.21532,325.77432,1],[0.79365444,0.09964241,0.6001534,0,0.4653953,-0.73478705,-0.49345237,0,0.39181614,0.6709392,-0.62954,0,32.71048,216.54396,153.89041,1],[0.6389169,-0.2537542,0.726219,0,0.3441645,-0.7499948,-0.56485283,0,0.6879942,0.61083275,-0.39185116,0,-26.091373,-81.103226,-248.2427,1],[0.8591393,-0.46072334,0.22274095,0,0.12177334,-0.23869988,-0.963428,0,0.49704203,0.85484284,-0.14897263,0,-11.3571