(molecules:{"OUTER_11":[[0.016693262,-0.9763609,0.21550098,0,0.5194456,-0.1756939,-0.83624625,0,0.85434043,0.12590072,0.5042335,0,104.71524,322.28036,0,1],[-0.82555145,0.48385698,0.290426,0,0.56357366,0.68030727,0.46857947,0,0.02914651,0.55051285,-0.8343177,0,293.77167,130.79556,0,1],[0.8156935,-0.5192893,0.2549172,0,0.49829662,0.40688854,-0.76559925,0,0.2938446,0.75151867,0.5906564,0,295.23004,-62.753067,0,1],[-0.9443082,-0.17537189,0.27843606,0,-0.29234695,0.058709674,-0.9545085,0,0.15104707,-0.9827502,-0.106709465,0,286.29218,-93.02196,0,1],[-0.025410185,-0.71547145,-0.6981797,0,-0.019081004,0.6986251,-0.7152333,0,0.99949497,-0.004852243,-0.031404108,0,269.57486,-120.02244,0,1],[-0.24263735,0.6011718,-0.7613931,0,0.06370229,0.7930261,0.60584784,0,0.9680233,0.09849882,-0.23071377,0,213.79895,-155.33401,0,1],[-0.28464824,0.5313505,0.79789853,0,0.12162695,-0.8055862,0.5798601,0,0.950885,0.26210216,0.16468216,0,-291.3401,-30.62104,0,1],[-0.0051235436,-0.9555111,0.29491052,0,0.95831215,-0.08894308,-0.2715269,0,0.28567725,0.28122517,0.91613364,0,-148.73479,257.61606,0,1],[-0.68224686,-0.73103976,0.01095368,0,-0.17321803,0.14706492,-0.97384155,0,0.71030605,-0.66629773,-0.22696385,0,70.49711,333.4897,7.409544,1],[-0.10957202,-0.45156765,0.8854832,0,-0.004739303,-0.89059967,-0.45476335,0,0.99396753,-0.05402592,0.0954447,0,102.631546,317.6073,10.787011,1],[0.4816613,-0.8005743,-0.3564874,0,0.19959666,0.4963073,-0.8448907,0,0.853325,0.33579746,0.39884394,0,323.49615,105.68924,34.000816,1],[-0.013261933,0.5133219,0.85809374,0,0.0022585837,-0.8581516,0.51339144,0,0.9999095,0.008746639,0.010221369,0,169.94649,-235.19978,17.862097,1],[0.9897168,-0.06460258,0.12762101,0,0.12697905,-0.013964016,-0.99180704,0,0.065855406,0.9978134,-0.0056172456,0,68.40837,-323.60898,7.190009,1],[0.20409568,-0.02959155,0.97850364,0,0.9593992,-0.19272333,-0.20593914,0,0.19467454,0.9808069,-0.010943892,0,-55.91341,-264.50073,-5.876736,1],[-0.4512015,-0.6686457,-0.59104156,0,-0.4052498,0.743581,-0.5318457,0,0.79510367,-0.0004500698,-0.6064734,0,-112.25836,-253.52534,-11.798829,1],[-0.8460305,0.14157543,0.5139931,0,0.50578344,-0.09169302,0.8577736,0,0.16856924,0.9856717,0.0059685907,0,-320.04114,33.82293,-33.63768,1],[-0.9636587,-0.07491769,0.25641617,0,-0.25642398,-0.009678849,-0.96651596,0,0.07489096,-0.99714273,-0.009883585,0,-213.3198,155.83954,-22.420815,1],[-0.61958563,0.78218937,-0.065524474,0,0.06328792,0.13298854,0.9890949,0,0.7823735,0.60868204,-0.13190092,0,302.63068,32.518356,64.32614,1],[0.001219124,-0.3102237,0.9506628,0,0.01037274,-0.95060843,-0.31021926,0,0.99994546,0.010239174,0.0020589605,0,166.79988,-234.70934,35.454407,1],[-0.15468138,0.21025509,0.96533227,0,-0.25420034,-0.9526657,0.16676408,0,0.95470196,-0.2195925,0.20080657,0,105.05913,-330.56226,22.331007,1],[-0.8207296,0.40450853,0.40345484,0,0.114855684,-0.574944,0.8100911,0,0.5596527,0.71120477,0.4254134,0,-77.659325,-244.3505,-16.507,1],[-0.015614549,0.72517073,0.68839204,0,-0.057088528,-0.6879994,0.7234623,0,0.998247,-0.028002752,0.052141733,0,-102.88158,-236.23827,-21.868156,1],[0.5559863,-0.78674126,0.26817435,0,0.6639583,0.22627589,-0.71271217,0,0.5000386,0.5743148,0.64816964,0,-200.47047,-227.61902,-42.611317,1],[0.22606137,-0.023869812,0.97382057,0,0.3307816,-0.9384165,-0.09978923,0,0.9162313,0.34468046,-0.20424405,0,-292.5272,0.0000035662838,-62.178577,1],[-0.20486769,0.52822584,0.82401866,0,0.54365003,-0.63866264,0.54456836,0,0.81392497,0.55954224,-0.15632866,0,-326.15317,70.8747,-69.326,1],[-0.004128511,0.6887509,0.7249863,0,0.14811835,-0.7165743,0.6816027,0,0.98896104,0.110197775,-0.099058256,0,94.4263,305.56992,30.680965,1],[0.82265145,-0.12052035,0.5556254,0,0.043742206,-0.9609606,-0.27320552,0,0.5668609,0.24905719,-0.78526384,0,296.6974,-138.89622,96.402824,1],[-0.40956244,-0.8390941,-0.3580219,0,-0.60946244,0.5436841,-0.5770296,0,0.67883295,-0.018128768,-0.73406893,0,-0.000025013052,-300.84012,-0.000008127234,1],[-0.00061691395,0.93037736,0.36660275,0,0.0008134863,-0.36660215,0.9303774,0,0.99999946,0.0008721891,-0.0005306872,0,-212.24277,247.85016,-68.96186,1],[0.52904385,0.0012090206,0.84859365,0,0.1988896,-0.97232187,-0.122609615,0,0.8249579,0.23364231,-0.5146414,0,208.07056,165.47849,92.638985,1],[0.2993022,-0.32306847,-0.89780015,0,0.04326912,0.9445616,-0.32547063,0,0.9531768,0.05856704,0.29668823,0,269.2552,95.765686,119.88014,1],[0.9904123,0.023714274,0.13609223,0,0.12641022,-0.5528907,-0.8236093,0,0.055712838,0.8329162,-0.5505875,0,237.3453,-0.000011356516,105.67294,1],[-0.6790884,0.69737864,0.22913322,0,0.033803675,-0.2821056,0.9587876,0,0.7332778,0.6588471,0.16800067,0,-27.887619,-290.44318,-12.416368,1],[-0.14099903,-0.27909946,0.9498541,0,0.6283559,-0.76664656,-0.13199191,0,0.76504123,0.5782357,0.28347024,0,-52.842667,-272.13214,-23.52707,1],[-0.06952558,-0.90166616,-0.42680693,0,-0.036770407,0.42986783,-0.90214276,0,0.9969023,-0.04702813,-0.06304144,0,-253.75618,-123.6715,-112.97953,1],[-0.6721736,0.3915095,0.628413,0,-0.7021498,-0.60633177,-0.37329268,0,0.23487914,-0.69215757,0.6824585,0,-319.03345,74.23012,-142.04286,1],[-0.7038187,0.5742278,0.41821256,0,-0.5826599,-0.80342054,0.122568,0,0.4063825,-0.15741003,0.9000418,0,-226.41228,223.15541,-100.805244,1],[0.5597648,0.30223227,0.77156925,0,-0.8284365,0.18289638,0.5293789,0,0.018878153,-0.9355237,0.35275918,0,-102.19929,344.30377,-45.502052,1],[-0.070145994,0.017300377,0.99738663,0,0.8477924,-0.52585363,0.06874636,0,0.52566874,0.85039914,0.022219399,0,217.49335,-182.46365,125.56985,1],[0.3492308,0.65572333,-0.6693764,0,-0.18062063,0.74806505,0.6385726,0,0.919464,-0.10210603,0.3796845,0,187.04295,-194.46803,107.989296,1],[-0.9589246,-0.27987662,0.046181276,0,-0.018676631,-0.10015659,-0.9947964,0,0.2830456,-0.95479727,0.09081546,0,-54.711178,-297.215,-31.587513,1],[-0.17368361,0.8159526,0.5514121,0,0.057309765,-0.5505988,0.8328004,0,0.98313254,0.1762451,0.04886794,0,-80.5313,-286.1924,-46.49477,1],[-0.05130613,-0.11118844,0.9924741,0,-0.07375322,-0.99064744,-0.11479646,0,0.9959559,-0.07908793,0.042625777,0,-238.07352,-122.39498,-137.45181,1],[0.7877194,0.048401162,0.61412966,0,-0.0037933704,-0.99650866,0.08340304,0,0.6160224,-0.068027824,-0.7847857,0,-258.7368,172.49117,-149.38177,1],[0.03356374,0.35092074,-0.9358035,0,-0.005100039,0.93637896,0.35095364,0,0.99942356,-0.0070066825,0.03321809,0,-213.06157,221.51956,-123.011154,1],[0.01898837,0.45230773,0.89165974,0,-0.04841233,-0.8903585,0.45267862,0,0.9986469,-0.051762957,0.0049908143,0,-172.53532,274.21188,-99.61331,1],[0.3978913,0.22404106,0.8896561,0,0.7082218,-0.69143367,-0.14262336,0,0.5831847,0.6868225,-0.43378624,0,-180.48088,-247.76279,-131.12703,1],[0.6089233,0.6904967,-0.39041877,0,-0.3251927,0.6662313,0.67110777,0,0.72350687,-0.28169185,0.63022816,0,-213.42917,-191.67143,-155.06537,1],[0.65734917,-0.75154376,-0.055444293,0,0.06004544,0.12557536,-0.9902653,0,0.7511901,0.6476209,0.12767364,0,-239.95143,0.0000035368753,-174.33492,1],[0.69500756,-0.69757855,-0.1742085,0,0.5569361,0.675548,-0.4831739,0,0.454738,0.23878652,0.8580176,0,-263.9862,145.2803,-191.7972,1],[0.46913353,-0.47751603,0.7428945,0,0.844805,-0.0024568439,-0.53506863,0,0.25732905,0.8786196,0.40225536,0,152.07162,227.26747,136.92592,1],[-0.43760416,0.8982447,0.04073131,0,0.40490228,0.1564081,0.9008832,0,0.8028429,0.41072243,-0.4321462,0,100.21809,-233.5787,90.23678,1],[0.30045992,-0.95221764,-0.0548212,0,0.92913693,0.30519322,-0.2087145,0,0.2154727,0.011773938,0.9764389,0,-26.222027,-335.71652,-23.61042,1],[-0.34673524,0.89289325,-0.28725636,0,0.20143074,0.3699947,0.90693414,0,0.91607875,0.25660378,-0.30814636,0,-183.15022,-221.90729,-164.90921,1],[-0.82977223,0.12776838,0.5432802,0,-0.5050484,-0.586145,-0.63353,0,0.23749584,-0.8000683,0.550896,0,202.19955,64.230865,224.56538,1],[0.32098407,-0.9004642,0.29348522,0,0.28661194,-0.20299596,-0.93629396,0,0.9026754,0.38465178,0.1929253,0,163.93692,-25.75054,182.07045,1],[0.26388738,0.31658843,0.9111176,0,0.9310877,-0.33026984,-0.15491162,0,0.25187144,0.88920957,-0.3819256,0,143.6646,-193.31982,159.55573,1],[-0.20252998,-0.49813935,0.8431125,0,-0.020276116,-0.8586372,-0.51218253,0,0.97906613,-0.120827354,0.16379945,0,-67.37453,-309.89093,-74.827,1],[-0.10956299,0.11662325,0.9871144,0,0.79512066,-0.58565676,0.15744577,0,0.59647214,0.80212533,-0.028563252,0,-23.803747,338.46478,-26.436745,1],[0.011189764,0.5904677,0.80698365,0,0.031724337,-0.80683756,0.58992094,0,0.999434,0.018999945,-0.027760519,0,173.83405,170.74792,239.26202,1],[0.511441,-0.8318242,-0.21563078,0,0.11382792,0.31430057,-0.9424746,0,0.851746,0.45747536,0.25543103,0,173.85806,31.088243,239.2951,1],[-0.10071462,0.18290573,0.9779581,0,-0.17783897,-0.970435,0.16318405,0,0.97889215,-0.15748404,0.13026477,0,-54.536808,-285.55844,-75.06347,1],[-0.7805797,0.5538486,0.2897361,0,-0.60001737,-0.793831,-0.099052824,0,0.17514122,-0.25116533,0.9519672,0,-144.70786,-221.67204,-199.17326,1],[-0.9297926,-0.26075405,0.25979412,0,-0.1570356,-0.3573354,-0.92067975,0,0.3329046,-0.8968382,0.29130015,0,150.21667,133.76154,260.18292,1],[-0.07595869,0.7336406,0.67527896,0,0.0046792747,-0.67696583,0.7359996,0,0.9971,0.05906538,0.04798853,0,113.79362,-204.92052,197.09637,1],[0.46070427,0.63325167,0.6218874,0,-0.7969688,-0.0132264495,0.6038756,0,0.39063057,-0.773833,0.49858835,0,-13.894597,-264.3966,-24.066153,1],[-0.75770426,0.24448292,0.6050722,0,0.61501396,-0.0425957,0.7873649,0,0.21827075,0.9687175,-0.11808546,0,-61.339447,-275.54144,-106.24305,1],[-0.532269,0.7129289,0.45653275,0,0.7908571,0.22633271,0.56861115,0,0.302051,0.66370624,-0.68429476,0,-118.987015,-137.39435,-206.09157,1],[0.33758312,-0.67373747,0.6573549,0,0.8501277,-0.081600696,-0.5202155,0,0.4041293,0.7344516,0.54521585,0,-112.78565,203.1054,-195.35052,1],[0.27133617,-0.6431718,0.7160355,0,-0.594591,-0.6970217,-0.40077716,0,0.7568608,-0.3170029,-0.5715513,0,-17.830257,339.28656,-30.882915,1],[0.8638711,0.48814633,0.12425705,0,-0.19052975,0.08830724,0.9777015,0,0.46628863,-0.8682828,0.16929248,0,12.094576,-282.91568,27.164865,1],[0.0720015,-0.13039796,0.9888438,0,0.0019798581,-0.9913964,-0.13087875,0,0.99740255,0.011381236,-0.07112386,0,-118.46364,94.63418,-266.0737,1],[0.1414501,-0.5818344,0.8009124,0,0.5375249,-0.6342497,-0.55569273,0,0.83129954,0.5091131,0.22303574,0,25.715422,256.11514,79.143936,1],[0.096320145,0.50919795,0.8552426,0,-0.5675519,-0.67777026,0.46745318,0,0.8176841,-0.5304197,0.22371332,0,78.69703,-185.0278,242.20459,1],[0.8897618,0.33962086,0.30492896,0,-0.43775976,0.44588616,0.78073806,0,0.12919131,-0.82815653,0.5454048,0,-71.15874,-255.74574,-219.00407,1],[0.44436148,-0.35487637,0.8225604,0,-0.462029,-0.87743914,-0.12895653,0,0.76751035,-0.32274345,-0.5538633,0,-75.53611,-79.4234,-232.47626,1],[0.15981288,-0.0041835457,0.9871385,0,0.5244539,-0.84682745,-0.08849542,0,0.83630615,0.5318513,-0.13313985,0,44.77796,156.47557,210.66379,1],[0.14318682,0.60983086,0.7794896,0,-0.44227558,-0.66515905,0.6016277,0,0.88537556,-0.43089432,0.17447127,0,47.47082,101.65553,223.3327,1],[0.080907755,-0.23603933,-0.9683695,0,0.0113846,0.9717101,-0.23590241,0,0.9966566,0.008061835,0.08130609,0,58.088703,-59.38643,273.28592,1],[-0.50435275,-0.39101762,0.76989186,0,0.41298202,-0.8922429,-0.18261534,0,0.7583364,0.22584896,0.61148846,0,44.029488,-190.67874,207.14249,1],[-0.9137738,0.3034531,0.2700624,0,0.32140115,0.13349012,0.9374869,0,0.24843264,0.9434493,-0.21950994,0,-62.525684,-31.608166,-294.16025,1],[0.6351266,0.66273046,0.3967399,0,0.5621813,-0.748858,0.3509471,0,0.5296852,0.00014389759,-0.8481943,0,21.537252,228.83289,204.91335,1],[-0.4277668,0.5194692,-0.7397076,0,0.10867481,0.84198195,0.5284469,0,0.8973324,0.14566447,-0.41662514,0,28.38716,-156.7931,270.08588,1],[0.6338144,0.6061838,0.48043782,0,0.7621003,-0.59559005,-0.2539206,0,0.13222143,0.5270803,-0.83946633,0,14.915275,-247.1482,141.90941,1],[-0.60587656,0.7853254,0.12719136,0,0.33462158,0.106514245,0.93631357,0,0.72176313,0.6098514,-0.32732132,0,-29.94107,-60.884674,-284.8704,1],[0.8347308,-0.36394322,0.41324314,0,0.4847157,0.12952614,-0.86502814,0,0.26129535,0.92237103,0.28452843,0,-9.361607,275.6386,-89.06978,1],[-0.4128036,-0.52287364,0.7457858,0,0.7502823,-0.65944165,-0.047044873,0,0.5164007,0.54012954,0.6645227,0,-3.067407,279.20038,-29.18444,1],[-0.1525953,-0.9373712,0.31312937,0,-0.55737674,-0.18001539,-0.8105095,0,0.81611633,-0.29821095,-0.49499938,0,-0.000005497368,-282.47314,125.765114,1],[-0.011342348,-0.65744394,0.7534181,0,0.19235167,-0.74082905,-0.64356285,0,0.98126054,0.1376217,0.13486317,0,0.000011514207,-85.58854,-263.41437,1],[0.20444225,0.81950873,0.53535855,0,0.5136391,-0.5553801,0.65400904,0,0.8332936,0.141274,-0.5344749,0,0.0000025927416,279.0551,-59.315018,1],[-0.7946796,0.21491817,0.5677099,0,0.5773014,-0.021507613,0.8162478,0,0.18763657,0.97639525,-0.1069809,0,-14.360553,308.56967,136.63147,1],[-0.24643536,-0.82202154,0.5133714,0,-0.76796573,-0.15749049,-0.62082636,0,0.5911837,-0.54724526,-0.59247315,0,18.220354,-301.9136,-173.35501,1],[-0.60160697,0.7375082,-0.30684,0,0.121085554,0.4638894,0.87757903,0,0.7895615,0.49080375,-0.36838067,0,33.954956,34.141937,-323.0597,1],[-0.7057366,0.40111727,-0.583987,0,0.23509613,0.91017216,0.34105188,0,0.6683305,0.10339971,-0.73664296,0,8.856877,260.77737,-84.26752,1],[-0.28026748,0.9324415,0.22804168,0,0.3048341,-0.1388118,0.94223535,0,0.9102342,0.33359283,-0.24533552,0,-64.95408,-66.40519,305.58502,1],[-0.298495,0.89174247,0.34014136,0,-0.94549507,-0.32489055,0.02202963,0,0.13015346,-0.3150262,0.9401163,0,-26.422825,-285.4417,124.30967,1],[0.53013587,-0.19949865,0.8241094,0,-0.4266445,-0.9026882,0.055932492,0,0.73275536,-0.38125354,-0.5636624,0,63.399044,32.049683,-298.26917,1],[-0.34237665,-0.22626479,0.9119114,0,-0.93721735,0.01370924,-0.34847617,0,0.06634627,-0.97396934,-0.216753,0,12.914296,292.22498,-60.75701,1],[0.41892207,0.2236429,0.88005006,0,0.90701306,-0.1487447,-0.39395726,0,0.04279704,0.9632543,-0.26515946,0,-92.8408,63.86031,285.73468,1],[0.32392618,-0.6695609,-0.6684011,0,0.09345412,0.72568357,-0.6816522,0,0.94145536,0.15834016,0.29764113,0,-93.178535,-0.000013180388,286.77408,1],[0.09472074,-0.9217129,0.37612948,0,0.080293626,-0.36952376,-0.9257457,0,0.9922605,0.11788812,0.039006103,0,-77.66743,-226.305,239.03583,1],[0.10722748,-0.9763974,0.18748453,0,0.7601163,-0.04104516,-0.6484894,0,0.6408787,0.21204594,0.7377744,0,54.68625,-243.57625,-168.30699,1],[0.1607014,0.5595945,0.8130369,0,0.87402284,-0.46337557,0.14617512,0,0.45854026,0.6871223,-0.5635635,0,75.14545,-108.26887,-231.27396,1],[0.24737927,0.47089547,0.84679455,0,0.39874896,-0.8459963,0.35396263,0,0.8830644,0.25009543,-0.39705104,0,74.14059,-202.44418,-166.52252,1],[-0.5401245,0.8075391,0.23695166,0,0.8265065,0.45592964,0.3301745,0,0.15859556,0.37417743,-0.91369504,0,-32.78025,308.43787,56.777054,1],[-0.039091893,-0.739489,0.6720327,0,0.14567013,-0.6695793,-0.7283158,0,0.9885606,0.06942385,0.13389657,0,-168.05035,109.20573,291.07172,1],[0.1322163,0.73378336,0.666394,0,0.17560089,-0.67900187,0.71282595,0,0.9755425,0.022772156,-0.21862811,0,-157.89116,-33.19007,273.47546,1],[0.051244423,-0.6026912,0.79632735,0,0.024763957,-0.796363,-0.60431176,0,0.99837905,0.05068782,-0.025884144,0,-165.27917,-147.17401,286.2719,1],[0.39206028,-0.43890145,0.80848885,0,-0.70230484,-0.71044564,-0.045108587,0,0.59418565,-0.55012035,-0.5867802,0,-114.843704,-206.81148,198.91512,1],[0.35235035,0.48108748,0.80274785,0,0.5519207,-0.7995362,0.23690796,0,0.7557994,0.35957855,-0.547239,0,-27.912313,-262.63428,48.34554,1],[0.03725537,0.21576595,0.9757341,0,-0.97651494,-0.19948214,0.08139705,0,0.21220426,-0.95585144,0.2032669,0,110.08697,-127.117424,-190.67618,1],[-0.030764347,0.6140018,0.7887048,0,0.17917968,-0.7729081,0.60869336,0,0.98333526,0.16004592,-0.08623864,0,-38.56494,308.6736,53.080093,1],[-0.13283113,0.9904966,-0.03567168,0,0.14287446,0.054750144,0.98822534,0,0.9807868,0.12617052,-0.1487892,0,-130.39145,246.37296,179.46848,1],[-0.15222763,0.9822055,-0.10999568,0,0.037631635,0.11697219,0.992422,0,0.98762876,0.14693472,-0.0547684,0,-179.11261,-0.000013319936,246.52739,1],[0.89266026,-0.32505554,-0.31224442,0,0.14638099,0.86427355,-0.4812524,0,0.42629835,0.38388824,0.8190846,0,0.000016841377,-327.7437,-0.000023180171,1],[0.14884281,0.33128384,0.9317171,0,-0.063795276,-0.9370328,0.34336525,0,0.9868009,-0.110546604,-0.11833625,0,181.26288,0.0000036774288,-249.48697,1],[0.08143025,0.96198684,0.26067302,0,-0.99659264,0.07514457,0.03400697,0,0.013126095,-0.26255402,0.9648281,0,-43.74064,307.53857,48.57889,1],[0.34446567,0.7488472,0.5661901,0,-0.783762,-0.102595866,0.6125287,0,0.5167791,-0.6547534,0.55157715,0,-96.76567,324.80838,107.46915,1],[-0.72483784,-0.68166524,-0.09971297,0,-0.4630044,0.5891909,-0.662179,0,0.51013434,-0.43380484,-0.74268186,0,-213.13477,183.90039,236.71011,1],[0.273914,-0.63574153,0.72166735,0,0.89909,-0.097158104,-0.42684594,0,0.34147954,0.765763,0.5449759,0,-230.85793,112.101105,256.3937,1],[0.79847074,-0.5909065,0.11521317,0,-0.6007374,-0.79457706,0.08810181,0,0.03948581,-0.13955957,-0.9894261,0,-198.81526,-96.54166,220.8067,1],[0.5566301,-0.6980076,-0.4504979,0,0.26282206,0.6623771,-0.7015562,0,0.78809106,0.27210653,0.55215085,0,-149.9838,-201.82312,166.57387,1],[-0.034233112,0.96625984,0.25528413,0,0.7791594,-0.13416398,0.61229944,0,0.6258903,0.21986794,-0.7482776,0,0.000019889383,-340.00537,-0.000022089394,1],[0.12133232,0.99180496,0.040017307,0,-0.69995344,0.05690427,0.7119178,0,0.7038065,-0.1143889,0.7011216,0,143.23572,-123.58895,-159.07938,1],[0.19099802,-0.3974112,0.8975433,0,0.17432807,-0.8861076,-0.4294449,0,0.96598625,0.23849013,-0.09996489,0,178.7824,-86.81404,-198.55792,1],[-0.16965361,-0.49274194,0.85347706,0,-0.18376039,-0.8350259,-0.5186173,0,0.9682199,-0.24482056,0.051118705,0,-233.28313,32.993614,210.04907,1],[-0.39024353,-0.54072094,0.7452052,0,-0.686601,-0.3683396,-0.62682134,0,0.613424,-0.75627166,-0.2275174,0,-26.114338,-334.33762,23.513458,1],[0.6697699,0.73940194,0.06850654,0,-0.6520197,0.5414405,0.53076607,0,0.3553572,-0.4001587,0.8447451,0,162.78618,-159.14952,-146.57332,1],[0.35768384,0.9244359,-0.13221404,0,-0.17430612,0.2051833,0.96307695,0,0.917431,-0.32143134,0.23452558,0,246.7089,-34.892418,-222.1377,1],[-0.22211285,0.07549201,0.97209406,0,0.96630895,-0.11593745,0.22979462,0,0.13004977,0.9903835,-0.047197405,0,211.90527,60.609734,-190.80037,1],[-0.43829545,-0.7467229,0.50030196,0,0.87319523,-0.48572597,0.0400054,0,0.21313669,0.45439544,0.86492634,0,-270.0863,70.96094,196.22916,1],[0.14061297,-0.9392011,0.31325603,0,0.008502918,-0.31524232,-0.9489731,0,0.99002814,0.13610153,-0.03634121,0,-220.72221,-157.51714,160.36406,1],[0.70090747,-0.67401516,-0.23330753,0,0.35676304,0.61454576,-0.7036005,0,0.6176155,0.40992332,0.6712034,0,76.68338,-291.72092,-55.71373,1],[0.27696273,-0.9293962,0.24395561,0,0.94370556,0.21531107,-0.2511194,0,0.18086308,0.29977298,0.9367095,0,270.73914,-35.173294,-196.70345,1],[0.9222859,-0.3778344,-0.081423596,0,0.1647023,0.57477313,-0.8015666,0,0.34965953,0.725863,0.59233534,0,279.59784,0.000004121261,-203.13966,1],[-0.04072476,0.7008016,0.7121928,0,-0.702046,-0.5272558,0.47867808,0,0.71096617,-0.48049805,0.5134674,0,179.7435,161.41963,-130.59126,1],[0.01109113,0.07832238,0.9968664,0,0.0017255355,-0.99692774,0.078308,0,0.999937,0.00085160416,-0.011192203,0,69.44697,264.192,-50.45617,1],[-0.26362783,-0.4644494,0.84545094,0,-0.25377584,-0.8121878,-0.5253084,0,0.930644,-0.3530409,0.09624927,0,0,284.96173,0,1],[0.123464756,0.7683363,0.62802523,0,0.5239913,-0.5879232,0.61626244,0,0.8427275,0.25299308,-0.4751894,0,-25.194872,276.79697,14.546269,1],[-0.64567,-0.0021554828,0.7636135,0,0.17234795,-0.9746044,0.14297697,0,0.74391294,0.22392316,0.62964433,0,-51.171993,277.9887,29.544168,1],[0.9332026,0.23692812,0.27018124,0,0.3586664,-0.6604845,-0.65963525,0,0.02216435,0.71247834,-0.701344,0,102.242744,-265.16666,-59.029884,1],[0.7939656,-0.48630714,0.3648616,0,0.58651745,0.45469823,-0.67025876,0,0.1600497,0.7461601,0.6462424,0,204.5395,-171.59627,-118.09095,1],[-0.37149858,0.78594077,0.49425286,0,-0.6163237,-0.6068993,0.501815,0,0.6943586,-0.118196204,0.7098562,0,-187.77122,-185.07014,83.60112,1],[0.99847406,-0.0050408537,0.05499244,0,-0.05518485,-0.12808484,0.9902267,0,0.00205211,-0.9917504,-0.12816757,0,137.11565,206.58354,-61.04781,1],[-0.55353624,0.37970287,0.7412311,0,-0.47961983,-0.87295055,0.08900714,0,0.6808542,-0.30624044,0.6653227,0,121.87697,231.07442,-54.26311,1],[-0.0025518055,-0.24454428,0.9696348,0,-0.9656993,-0.25116503,-0.065885894,0,0.25965038,-0.93654376,-0.23551534,0,85.497696,288.037,-38.066017,1],[-0.11708383,0.9501184,-0.28907818,0,0.10279825,0.30111122,0.9480319,0,0.98778737,0.08128248,-0.13292578,0,28.108547,292.7435,-12.5147295,1],[0.56946945,0.56216776,0.59972656,0,0.8218357,-0.40450308,-0.4012024,0,0.017048161,0.7213492,-0.6923617,0,0,284.77426,0,1],[0.15935653,0.93162805,-0.32661068,0,-0.33891872,0.36235857,0.86823404,0,0.9272214,-0.027664296,0.37349042,0,-312.53247,69.849495,101.54797,1],[0.18861169,0.29849118,0.93558997,0,0.92868686,-0.3639868,-0.07109347,0,0.31932163,0.8822792,-0.34585702,0,-198.76468,-151.8427,64.582565,1],[-0.24930957,0.9157621,0.31499904,0,0.026979497,-0.31857568,0.9475134,0,0.968048,0.24472268,0.05471717,0,161.25421,-233.36938,-52.39468,1],[0.16125174,0.9853009,-0.056391783,0,-0.73393506,0.15792233,0.6606058,0,0.65980095,-0.06513591,0.7486121,0,328.34973,36.286926,-106.68732,1],[-0.2758892,-0.68501294,0.6742717,0,0.70945436,-0.618418,-0.33798474,0,0.6485057,0.3851187,0.65660024,0,-49.88281,239.92303,10.602914,1],[0.16160978,0.19226205,0.967945,0,0.13532153,-0.97589064,0.17124674,0,0.9775328,0.103308655,-0.18373068,0,149.37558,264.50604,-31.750746,1],[-0.6975864,0.3446309,0.62817407,0,0.4581503,-0.4595219,0.7608797,0,0.5508824,0.8185775,0.1626635,0,-51.16599,242.04297,5.3777637,1],[-0.7310175,0.36125308,-0.57888657,0,0.0044833333,0.8508855,0.525332,0,0.682344,0.38143152,-0.62363183,0,-274.91614,159.59718,28.894861,1],[-0.14835493,-0.78455085,0.60205543,0,-0.86912614,-0.18701619,-0.45786962,0,0.47181615,-0.5911893,-0.6541289,0,-123.6544,-279.26224,12.996605,1],[-0.5882048,-0.73185074,0.3441069,0,-0.04635012,-0.3942925,-0.91781545,0,0.80738264,-0.55581284,0.19800337,0,144.5226,-251.69931,-15.189941,1],[-0.53636235,-0.518107,0.66624355,0,0.8017831,-0.5593019,0.21053566,0,0.26355132,0.64710623,0.71539795,0,-300.79202,31.614502,-0.000026296077,1],[0.4802489,0.40388787,0.77861136,0,-0.71438783,-0.33494315,0.6143803,0,0.5089312,-0.85128593,0.12767652,0,-124.60144,-279.8595,-0.000010893004,1],[-0.61145335,-0.48775327,0.6230742,0,0.45695564,-0.8605119,-0.22519054,0,0.6460002,0.14702375,0.7490445,0,130.98541,-294.19818,0.000011451109,1],[0.69726783,0.39743894,0.59653986,0,-0.28285778,-0.6121242,0.73844117,0,0.6586418,-0.68362725,-0.31439582,0,248.72467,110.73937,0.000021744201,1],[0.4600446,0.84160155,0.28295898,0,0.8650319,-0.49668434,0.07088327,0,0.20019676,0.21215907,-0.9565092,0,-139.30614,192.7946,-14.641638,1],[0.5693254,0.0850185,0.8177043,0,0.79691666,-0.30142856,-0.5235118,0,0.20197126,0.9496908,-0.2393636,0,-161.6708,180.54263,-16.992256,1],[-0.44344896,0.08085647,0.892645,0,-0.24731863,-0.9682963,-0.035154134,0,0.86150247,-0.23635681,0.4493873,0,-301.5694,-98.52556,-31.69616,1],[0.90223503,-0.34389144,0.26021284,0,0.406711,0.4779263,-0.7785709,0,0.1433813,0.80828536,0.57106626,0,-290.3175,-168.53818,-30.513538,1],[0.038309705,-0.49446678,0.8683519,0,-0.05168631,-0.8688071,-0.49244577,0,0.9979283,-0.026016451,-0.058840904,0,-197.95392,-273.96106,-20.805758,1],[-0.16679196,-0.6353656,0.7539834,0,0.64724106,-0.6474252,-0.4023923,0,0.7438141,0.4208932,0.51922005,0,-93.26209,-288.6122,-9.802222,1],[0.38936725,0.457188,0.7996076,0,0.69712234,-0.71366405,0.06858614,0,0.6020079,0.53071916,-0.5965934,0,-59.65392,-282.19562,-6.269868,1],[-0.7619701,0.52215636,0.38308525,0,0.57137936,0.2635988,0.77720094,0,0.3048396,0.8110909,-0.4992038,0,185.98602,-257.39792,19.54788,1],[0.5060768,0.84443295,-0.17555438,0,-0.014196625,0.21167216,0.97723764,0,0.86237156,-0.492065,0.119110465,0,165.6478,229.25046,17.410252,1],[0.17749728,-0.82534796,0.53599954,0,0.8345671,-0.16239388,-0.52642745,0,0.5215289,0.540767,0.6599838,0,-89.159744,280.53586,-18.95148,1],[-0.013984198,-0.9831689,0.18216296,0,-0.2506564,-0.1729168,-0.95250785,0,0.96797514,-0.058980368,-0.24401946,0,-261.19247,-28.06575,-55.51815,1],[-0.42193982,0.6638428,0.6174783,0,-0.43637052,-0.7456967,0.50350475,0,0.7946996,-0.05700062,0.6043206,0,-293.0865,-172.99393,-62.297432,1],[0.45357466,0.72848916,-0.5133942,0,-0.28370842,0.66411626,0.69170743,0,0.8448548,-0.16808672,0.5079048,0,158.24817,-280.2173,33.636673,1],[0.8132532,0.30282494,0.4969067,0,-0.5667852,0.21879159,0.79428256,0,0.13180956,-0.9275922,0.34956965,0,208.28548,-236.49236,44.272427,1],[0.47404307,-0.81350505,-0.33688682,0,0.080060884,0.42084625,-0.90359205,0,0.8768543,0.4013701,0.2646292,0,238.03934,79.07161,50.5968,1],[0.5566593,0.45114905,-0.6975636,0,-0.20705464,0.88853574,0.40942955,0,0.80452394,-0.08347899,0.58802414,0,-149.81985,216.82129,-48.679382,1],[0.36894718,0.87530863,0.31259048,0,0.8474944,-0.4549043,0.27352378,0,0.38161647,0.16400285,-0.90965486,0,-192.2072,181.97037,-62.45186,1],[0.101663716,0.041181378,0.99396604,0,0.98958325,-0.106558494,-0.096800566,0,0.10192915,0.9934533,-0.051585536,0,-252.492,-56.430725,-82.03956,1],[-0.6100628,-0.7422892,0.27718258,0,-0.6574625,0.27897826,-0.6999388,0,0.44222903,-0.6092437,-0.65822154,0,87.34798,282.66403,28.381056,1],[0.028806683,-0.009280592,0.99954194,0,0.011186296,-0.9998913,-0.009606242,0,0.9995224,0.011457896,-0.028699735,0,-140.46536,266.31744,-62.53915,1],[0.82463044,-0.3097059,0.47335702,0,0.45695868,-0.12852448,-0.88015354,0,0.33342668,0.942106,0.03553759,0,-228.41388,53.145523,-101.69632,1],[0.23711795,-0.93471134,0.26474494,0,-0.94649273,-0.28368625,-0.15386248,0,0.21892147,-0.21409558,-0.95196456,0,-214.45233,24.67292,-95.48024,1],[-0.2645741,-0.031169653,0.9638615,0,-0.5391033,-0.8239379,-0.1746253,0,0.799605,-0.5658223,0.20118897,0,-254.01584,-123.798,-113.09504,1],[0.60685456,0.4999296,-0.617898,0,-0.2604241,0.8595657,0.4396887,0,0.7509373,-0.10591158,0.6518251,0,-151.12906,-286.5354,-67.28693,1],[-0.11479984,-0.92047715,0.37355417,0,-0.257054,-0.3357067,-0.90621424,0,0.9595542,-0.20005685,-0.19807327,0,77.2301,-260.18387,34.385025,1],[-0.97679985,0.18436012,-0.10896476,0,0.12678754,0.90790623,0.3995387,0,0.1725888,0.37645397,-0.9102173,0,101.73039,-250.11372,45.293247,1],[-0.3905921,-0.27107507,0.8797478,0,0.851305,-0.4700299,0.23313457,0,0.3503108,0.8399942,0.41435748,0,175.86743,-213.80493,78.301155,1],[0.718019,0.5640554,0.40778702,0,-0.6938679,0.53400475,0.48310065,0,0.0547353,-0.6298258,0.7748055,0,317.96652,0.0000041505455,141.56769,1],[0.2772488,0.51662016,0.81008434,0,-0.0087471325,-0.8417447,0.5398049,0,0.9607583,-0.15674616,-0.22885378,0,272.24994,63.344894,121.21337,1],[-0.09803217,-0.7911904,0.60366166,0,-0.25913712,-0.565364,-0.78307825,0,0.96085256,-0.23319802,-0.14960296,0,244.82146,87.0754,109.00143,1],[0.007240515,0.7858887,0.61832565,0,0.8719315,-0.30769408,0.3808673,0,0.4895744,0.53637993,-0.68746895,0,167.9908,204.22923,74.79426,1],[-0.15044346,0.23060589,0.96134675,0,-0.43783227,-0.887393,0.14434859,0,0.8863801,-0.39919236,0.23446918,0,57.655445,296.91724,25.669834,1],[0.044014055,0.18607262,0.9815496,0,-0.8924213,-0.43429855,0.122347504,0,0.4490511,-0.88134086,0.14693993,0,0,287.57236,0,1],[0.054557927,0.99730295,0.04909452,0,-0.9735051,0.042192772,0.2247389,0,0.22206132,-0.060055055,0.9731814,0,-119.46606,309.83514,-68.973724,1],[0.2171824,0.13248365,0.9670987,0,-0.46868518,-0.8549188,0.22236918,0,0.8562511,-0.5015595,-0.1235802,0,-26.065683,-286.3638,-15.049023,1],[-0.027705587,-0.73749185,-0.6747875,0,-0.009731849,0.67521363,-0.737558,0,0.99956876,-0.013867548,-0.025884349,0,28.323399,311.16708,16.352512,1],[0.7461499,-0.6648347,-0.03542775,0,0.13386674,0.20194024,-0.970206,0,0.65218097,0.7191766,0.23967695,0,-23.811798,280.03622,-17.300272,1],[-0.34055957,0.79692674,0.4989258,0,0.8925959,0.10728592,0.43790686,0,0.29545197,0.5944724,-0.74787074,0,-193.44203,-0.0000104517185,-140.54376,1],[-0.012081412,0.9901036,0.13981749,0,-0.5074387,-0.12655556,0.8523436,0,0.86160314,-0.060651302,0.5039459,0,-195.83025,-25.441483,-142.2789,1],[-0.007227497,0.9662036,-0.25767905,0,0.010618542,0.2577454,0.9661545,0,0.9999175,0.0042467033,-0.012122528,0,135.55139,-186.08388,98.48379,1],[0.14530496,-0.82546645,0.5454279,0,0.9656338,-0.0017512664,-0.25990054,0,0.21549435,0.5644485,0.7968439,0,154.04448,-171.44545,111.9198,1],[-0.19825976,0.26692224,0.94310427,0,0.23277828,-0.92185247,0.30984226,0,0.9521068,0.28096342,0.12063255,0,-217.37177,130.23048,-195.72232,1],[-0.61449057,0.05224839,0.7871921,0,0.5745628,-0.65413,0.49192646,0,0.5406283,0.75457543,0.3719367,0,-168.30176,-203.91664,-151.53952,1],[0.035100657,-0.91474015,0.40251517,0,-0.13698919,-0.4033655,-0.9047266,0,0.9899505,-0.023383727,-0.1394679,0,99.550674,-232.02313,89.635796,1],[0.5759733,0.34843895,0.7394897,0,0.598928,-0.7955419,-0.0916425,0,0.5563633,0.4956847,-0.6669007,0,217.96005,-95.29707,196.25204,1],[-0.063062415,-0.92140824,0.38344488,0,0.49960038,-0.36174858,-0.78710693,0,0.86395746,0.14193235,0.48314866,0,199.23204,56.98489,179.38927,1],[-0.3403615,0.837901,0.42670363,0,-0.65102583,-0.5374296,0.53603625,0,0.6784684,-0.095349014,0.72841555,0,179.3086,107.42633,161.4501,1],[-0.16467464,0.9190297,0.35814345,0,0.18417709,-0.32806388,0.9265274,0,0.96900004,0.21853739,-0.11524041,0,177.92505,138.23016,160.20438,1],[-0.04975086,-0.99830437,0.030217797,0,-0.017134905,-0.029397696,-0.9994209,0,0.99861467,-0.05023983,-0.015643291,0,110.44426,333.8003,99.44443,1],[-0.4080886,-0.13128296,0.9034537,0,0.38454863,-0.9222513,0.039685577,0,0.8280012,0.3636171,0.4268449,0,24.43552,312.84344,22.001833,1],[0.56614697,-0.7545719,0.33181137,0,0.17281468,-0.28493798,-0.9428391,0,0.8059855,0.59112734,-0.030915663,0,-186.74768,202.7707,-207.40417,1],[-0.69309217,0.5567044,-0.457934,0,0.44616312,0.8302645,0.33406502,0,0.5661817,0.027224598,-0.8238307,0,-191.96231,165.63199,-213.19559,1],[-0.18796153,-0.6920155,0.6969828,0,-0.49839374,-0.5442792,-0.6748066,0,0.8463298,-0.47420952,-0.24259266,0,-184.65155,-29.004295,-205.0762,1],[0.45355266,0.51003927,-0.73085564,0,-0.22747093,0.8591416,0.4584023,0,0.8617117,-0.041661184,0.50568503,0,-33.508526,-235.59706,-37.214966,1],[-0.3596119,-0.86467826,0.3507288,0,0.7505616,-0.49136683,-0.44183233,0,0.55437934,0.1043554,0.82569575,0,19.950197,-283.6717,22.156923,1],[0.10044833,-0.9501906,-0.295039,0,0.16659974,0.3084152,-0.9365493,0,0.9808948,0.0449214,0.1892813,0,171.16632,147.68845,190.09933,1],[-0.9387257,0.0148551725,0.34434494,0,-0.34210026,-0.16181788,-0.9256254,0,0.041970845,-0.9867089,0.15698455,0,151.96089,252.22226,168.76956,1],[0.29624093,0.26920825,0.91638863,0,-0.7016041,-0.5896789,0.400038,0,0.6480686,-0.76144975,0.014190617,0,-70.369545,268.89496,-96.85529,1],[0.11066344,0.004086517,0.9938496,0,0.74648553,-0.66052604,-0.080403924,0,0.6561349,0.750792,-0.07614661,0,-149.29022,228.69139,-205.4802,1],[0.015999526,-0.72938675,0.6839144,0,0.24185635,-0.660867,-0.7104649,0,0.97018015,0.17677614,0.16583325,0,-159.40485,156.5748,-219.40175,1],[0.8149267,-0.20899493,0.5405697,0,-0.39052385,-0.88719344,0.24572109,0,0.42823547,-0.41135007,-0.80461514,0,-177.34619,-174.19766,-244.09587,1],[-0.7021839,0.48617572,0.5201644,0,0.6990359,0.3319922,0.63334835,0,0.13522805,0.8083405,-0.57297385,0,-82.7969,-193.88051,-113.96004,1],[-0.49304512,0.727193,-0.47759485,0,0.5078782,0.6862874,0.52064323,0,0.7063754,0.014140555,-0.70769614,0,38.844555,-310.91125,53.464893,1],[-0.7512236,-0.1131134,0.6502833,0,-0.6288915,-0.17645483,-0.7572048,0,0.20039564,-0.9777878,0.061420985,0,60.46218,-316.58392,83.21898,1],[-0.5982221,0.6847255,0.41627076,0,0.27680472,-0.3109228,0.9092338,0,0.75200367,0.65914947,-0.0035343869,0,136.36554,-208.89267,187.69089,1],[0.5102663,-0.23301595,0.8278478,0,-0.81060386,-0.45189422,0.37244204,0,0.28731465,-0.8611012,-0.41947,0,-156.35413,-101.60504,-270.81326,1],[-0.15514584,-0.83124095,0.53382415,0,-0.9792063,0.057900444,-0.19442838,0,0.13070819,-0.55288875,-0.82293946,0,87.96576,-304.7223,152.36115,1],[-0.8593333,0.36861432,0.35449922,0,0.43484503,0.16180617,0.88584906,0,0.26917648,0.91539186,-0.29933554,0,0,264.55032,0,1],[0.06540898,0.9955932,0.06719988,0,-0.9951968,0.060170896,0.077218495,0,0.07283474,-0.0719279,0.9947469,0,-113.711754,29.384071,-255.4007,1],[0.3676643,0.62600225,0.68770933,0,-0.20250246,-0.6678672,0.7162026,0,0.90764296,-0.402585,-0.11878392,0,-122.46238,-31.64533,-275.0549,1],[0.7478226,0.55622596,0.3624556,0,-0.45140368,0.025668249,0.8919506,0,0.4868225,-0.8306346,0.27027774,0,-121.54489,-97.09553,-272.99417,1],[-0.6933694,0.61636674,-0.37327066,0,0.46797082,0.77907854,0.41718104,0,0.54794365,0.11458077,-0.8286308,0,123.21474,-134.87529,276.74472,1],[0.6195504,0.012389749,0.7848592,0,0.40640455,-0.8604938,-0.30722296,0,0.67155993,0.5093104,-0.5381544,0,-86.104256,-90.53528,-265.00137,1],[0.7228078,0.06560924,0.68792754,0,0.6901606,-0.11900073,-0.7138047,0,0.03503169,0.9907241,-0.13129556,0,-39.895752,-223.61682,-122.78638,1],[-0.63649505,-0.39256215,0.66390437,0,-0.710783,-0.03563355,-0.7025082,0,0.2994354,-0.9190349,-0.25634593,0,96.65153,-66.48153,297.46252,1],[-0.20025355,0.5432163,0.8153616,0,-0.96192855,-0.26699477,-0.058371246,0,0.1859891,-0.7960087,0.57600194,0,89.05133,166.37839,274.07153,1],[-0.2174142,-0.5286523,0.82052284,0,0.3837748,-0.81922626,-0.4261281,0,0.89746755,0.2222497,0.38099492,0,-40.582645,216.78197,-190.92596,1],[0.8288645,0.5165498,-0.21484835,0,-0.20551614,0.63832253,0.7418272,0,0.52033323,-0.5707194,0.6352422,0,-54.133663,-84.598694,-254.67838,1],[0.34535807,-0.7323728,0.5868201,0,0.04826945,-0.61060405,-0.7904636,0,0.9372288,0.3013185,-0.1755258,0,-5.44828,-249.32124,-25.632088,1],[-0.27905074,0.9451809,0.16959894,0,0.4820942,-0.01485306,0.8759935,0,0.83049136,0.32620928,-0.45152143,0,55.869946,-119.64144,262.84686,1],[-0.3719767,-0.11305486,0.92133164,0,0.10885836,-0.99101937,-0.07765582,0,0.92183685,0.07140849,0.3809431,0,57.80767,-90.34038,271.96317,1],[0.929596,0.33830738,-0.14628527,0,-0.1665677,0.7396449,0.6520589,0,0.32879543,-0.5817849,0.74392194,0,69.245605,108.21532,325.77432,1],[-0.90200907,0.39532113,0.1734958,0,0.14116138,-0.109712504,0.9838885,0,0.4079866,0.9119673,0.043157592,0,-11.18657,329.3716,-106.43306,1],[0.79672146,0.4281276,0.42654616,0,0.58177495,-0.73441964,-0.34952214,0,0.16362377,0.5266257,-0.8342018,0,-28.722496,122.34057,-273.27618,1],[0.22205782,0.62818897,0.7457003,0,0.5350578,-0.7178625,0.4454062,0,0.8151095,0.30008683,-0.49552435,0,-8.070104,-237.61192,-76.78186,1],[0.4593834,-0.2795189,0.843111,0,-0.8437326,-0.43400976,0.31583363,0,0.27763692,-0.8564489,-0.4352161,0,34.8842,70.93623,331.90088,1],[0.15274481,0.8801222,0.4495042,0,0.32501483,-0.4742772,0.81818485,0,0.9332922,0.021122035,-0.35849616,0,27.262304,150.57993,259.3834,1],[-0.75737095,-0.05030027,0.65104467,0,0.21245177,-0.9617639,0.17284194,0,0.6174573,0.26922104,0.7390985,0,23.788706,165.34721,226.33432,1],[0.88711256,-0.3490796,0.3019515,0,0.36364216,0.12571728,-0.92301655,0,0.28424573,0.9286219,0.23846546,0,13.931624,299.3533,132.55049,1],[-0.16673802,-0.346622,0.92306644,0,0.5870399,-0.78706384,-0.18951158,0,0.7922011,0.51027805,0.3347144,0,-0.00002205951,304.11404,-135.4003,1],[0.35310733,0.93367356,-0.059740696,0,-0.90773755,0.3573614,0.21978472,0,0.2265562,-0.023378726,0.97371745,0,-0.000048088852,131.41692,-295.1673,1],[0.3935321,-0.16956598,0.9035374,0,-0.47435036,-0.87935394,0.041573882,0,0.7874797,-0.44495398,-0.42648768,0,-0.00004448874,-198.39688,-273.06992,1],[-0.39455965,0.6794296,0.61862594,0,0.12902492,-0.62561005,0.7693923,0,0.9097666,0.38338932,0.15917714,0,-0.000042712156,-236.05475,-262.16528,1],[0.29822865,0.30705878,0.90375584,0,-0.8479852,-0.3494096,0.3985399,0,0.43815613,-0.88522756,0.15617734,0,-0.00003779526,-257.64618,-231.98566,1],[0.84719455,-0.15036398,0.5095607,0,0.127074,-0.8739252,-0.46915567,0,0.515862,0.46221805,-0.7212773,0,0.000017430237,-329.26917,106.98602,1],[-0.685958,0.69826186,-0.20467559,0,0.39371762,0.5927296,0.7026081,0,0.61192167,0.40137523,-0.68150556,0,-11.026967,-324.67334,104.914856,1],[-0.3283432,-0.92947584,0.16812325,0,-0.5798966,0.057863444,-0.8126326,0,0.74559414,-0.3643165,-0.557999,0,-24.167984,-75.12477,229.9436,1],[-0.20951787,-0.9595183,0.18822023,0,-0.1919362,-0.14838997,-0.9701241,0,0.9587819,-0.23938462,-0.15307595,0,-45.436974,-126.1742,213.76457,1],[-0.18565859,0.8249354,0.53386563,0,0.85783756,-0.12889527,0.49749443,0,0.4792135,0.5503341,-0.68373007,0,-55.05206,56.282,259.0001,1],[0.09371798,-0.82732576,0.5538493,0,0.81150746,-0.25880057,-0.5239064,0,0.57677776,0.4985523,0.6471268,0,91.454926,170.8693,-281.46933,1],[0.4206999,-0.87163806,0.25151286,0,0.26741734,-0.14577284,-0.95249057,0,0.8668907,0.4679716,0.17176451,0,-72.68175,-135.79453,223.69142,1],[-0.50725424,0.8483975,0.15137613,0,0.38144878,0.06352177,0.92220485,0,0.77278066,0.5255346,-0.35584188,0,-18.523052,282.00418,57.008102,1],[0.9045645,0.14409524,0.4012476,0,0.35350144,-0.7796125,-0.5169536,0,0.23832709,0.6094595,-0.7561477,0,118.76641,168.58534,-266.75385,1],[-0.35753232,0.1272334,0.9251932,0,-0.7711589,-0.5990139,-0.21563028,0,0.52676815,-0.79056567,0.312284,0,124.62956,-136.42406,-279.9227,1],[-0.64449203,0.47963655,0.5954652,0,-0.5932035,-0.8050271,0.0063908696,0,0.482431,-0.34911323,0.8033557,0,34.77909,-263.16553,-78.11516,1],[0.85960346,-0.086170934,0.5036432,0,-0.07552805,-0.99627763,-0.041549273,0,0.5053488,-0.0023232873,-0.862912,0,13.472562,-315.14954,-30.259884,1],[-0.34154028,0.80304676,0.48833,0,0.77317953,-0.05533853,0.6317682,0,0.53436285,0.59334105,-0.601999,0,-0.000011973787,-336.7393,0.000026893578,1],[-0.5544319,0.24155165,0.7964032,0,0.7251305,-0.32939282,0.6047199,0,0.4084006,0.91277224,0.0074694245,0,-32.754128,247.84317,73.56702,1],[-0.4989002,-0.73379993,-0.46112508,0,-0.48143196,0.67708015,-0.556584,0,0.7206399,-0.055679515,-0.69107014,0,84.43151,232.42014,-146.23978,1],[0.5526629,0.12831028,0.8234684,0,0.83340037,-0.08832883,-0.54556555,0,0.0027343319,0.98779273,-0.1557499,0,135.77007,88.22877,-235.1608,1],[0.09251189,0.429542,0.89829576,0,-0.011648682,-0.90163594,0.43233886,0,0.99564344,-0.050460447,-0.07840846,0,142.68654,-164.76033,-247.1405,1],[-0.04140575,0.5636443,-0.82497925,0,0.008428563,0.82585496,0.5638196,0,0.9991069,0.016391981,-0.038945854,0,54.923958,-246.72264,-95.13116,1],[-0.30145124,-0.72617614,0.61789596,0,-0.9203731,0.052325487,-0.3875249,0,0.2490796,-0.6855147,-0.6841265,0,32.53037,-306.08698,-56.344288,1],[0.33679938,-0.93854,-0.07555711,0,0.056151956,0.10012315,-0.99338937,0,0.9399006,0.33033022,0.08642227,0,-123.89963,-26.044731,214.60059,1],[-0.3722756,-0.5843893,0.7210409,0,0.9073822,-0.39248127,0.15038592,0,0.19511113,0.7102447,0.67637575,0,-87.89792,241.9623,152.24376,1],[-0.29063156,0.95034397,0.11126443,0,0.9168503,0.24333301,0.3165037,0,0.27371305,0.19399878,-0.94204336,0,15.988527,258.80328,-22.006336,1],[0.049903672,0.9816628,0.18397792,0,-0.017890634,-0.18329927,0.98289436,0,0.9985938,-0.05234152,0.008415263,0,156.6266,56.639774,-215.5782,1],[0.045700252,0.86369884,-0.50193226,0,-0.016168896,0.50303096,0.8641172,0,0.99882436,-0.03137468,0.036953695,0,65.22518,-249.23775,-89.77484,1],[0.45670086,-0.6797538,0.5738982,0,0.13723594,-0.58355033,-0.800397,0,0.87897134,0.44430143,-0.17322129,0,39.559864,-316.63724,-54.449528,1],[-0.36203718,-0.74779856,0.5565307,0,-0.8844692,0.08704622,-0.45840722,0,0.29435235,-0.6581947,-0.6929187,0,-169.09084,-93.47119,232.73375,1],[0.2484751,-0.33284944,0.90965456,0,0.013971519,-0.9377773,-0.34695616,0,0.9685375,0.09891922,-0.2283639,0,-145.33623,-25.988136,200.03835,1],[0.4612667,0.8695891,-0.1762042,0,-0.49782595,0.41804084,0.7598757,0,0.7344402,-0.26278633,0.62573236,0,17.846466,253.75882,-19.82051,1],[0.5189488,-0.71595657,0.46701002,0,0.49384704,-0.19482061,-0.8474432,0,0.6977157,0.67041117,0.252471