(molecules:{"OUTER_19":[[0.03791199,0.12892395,0.9909295,0,0.067761116,-0.9896916,0.12617046,0,0.996981,0.062363114,-0.046257213,0,-251.21738,111.8492,0,1],[0.09989003,-0.328905,0.9390652,0,0.2291023,-0.91082376,-0.34338355,0,0.96826345,0.24944259,-0.01562932,0,-36.97947,351.83554,0,1],[-0.18262382,-0.77696246,0.6024765,0,0.96753967,-0.2508986,-0.030280024,0,0.17468694,0.57739,0.79756206,0,0,299.83865,0,1],[-0.030063437,0.47505313,0.8794434,0,-0.67726725,-0.65676486,0.33161572,0,0.7351226,-0.5856487,0.34148258,0,310.23294,-0.000013635408,32.606796,1],[0.10864557,0.43535727,0.89367795,0,-0.14910255,-0.8816928,0.44764525,0,0.982835,-0.18188433,-0.030879142,0,197.41411,-178.7316,20.749058,1],[0.92411214,0.064622864,0.3766173,0,-0.28190327,-0.5500749,0.7860968,0,0.25796753,-0.8326112,-0.49011347,0,169.94649,-235.19978,17.862097,1],[-0.031657867,-0.4315182,0.90154856,0,0.99916065,-0.037122533,0.017317146,0,0.0259951,0.90134007,0.43233123,0,105.68483,-327.0561,11.1079235,1],[-0.8046419,-0.1852498,0.5641223,0,-0.46848956,-0.38562065,-0.7948675,0,0.3647862,-0.9038691,0.22349893,0,-0.000024932033,-286.7601,-0.000002620462,1],[-0.19451495,0.4529264,0.8700699,0,0.9648267,-0.071571566,0.2529565,0,0.17684296,0.88867044,-0.42307374,0,-138.48172,-241.17859,-14.555016,1],[-0.87042373,-0.34898624,0.3472334,0,-0.2617799,-0.26923937,-0.92681247,0,0.41693377,-0.89761835,0.14299476,0,-237.43877,137.84041,-24.955822,1],[0.28533244,0.9476416,0.14339064,0,0.93936586,-0.30620036,0.15437989,0,0.19020306,0.09064668,-0.977551,0,98.816414,310.91998,21.004078,1],[-0.8022338,0.10494709,0.5877134,0,0.14752533,-0.91905147,0.36548695,0,0.5784956,0.3799086,0.7218118,0,221.039,164.18199,46.983288,1],[-0.9298703,0.04582043,0.36502296,0,-0.062453553,-0.99747247,-0.03388577,0,0.3625477,-0.05430635,0.93038166,0,266.28442,157.174,56.600506,1],[-0.13166992,0.97061247,-0.201431,0,0.43004075,0.23901252,0.87059623,0,0.8931562,0.028007815,-0.44887367,0,302.63068,32.518356,64.32614,1],[-0.7540426,-0.64497876,0.12418583,0,-0.379259,0.27317387,-0.88404673,0,0.53626704,-0.71370757,-0.45059872,0,305.72266,-66.435104,64.98336,1],[0.64712733,0.56715274,-0.50947416,0,-0.07127432,0.71034634,0.7002343,0,0.7590429,-0.41682833,0.50010794,0,299.65353,-136.39487,63.69333,1],[0.37753165,0.38978332,-0.8399635,0,-0.13574827,0.92058796,0.36618325,0,0.9159925,-0.024222167,0.4004635,0,105.05913,-330.56226,22.331007,1],[-0.4564374,-0.056543738,0.887957,0,-0.24790815,-0.9503767,-0.18795109,0,0.85452116,-0.30591968,0.41976985,0,297.9122,101.778946,96.79754,1],[-0.29901418,-0.50403595,0.8102705,0,-0.9374735,-0.0033513457,-0.34804064,0,0.17814049,-0.8636762,-0.47151828,0,288.3036,-64.43444,93.675514,1],[0.28124663,-0.78566605,0.5510255,0,0.66365546,-0.25551084,-0.7030474,0,0.6931535,0.5634208,0.44954997,0,-99.15549,-234.16795,-32.21757,1],[-0.70550436,0.6523408,0.27697477,0,-0.70662045,-0.6774407,-0.20435643,0,0.054323953,-0.3398904,0.93889475,0,-326.4117,72.95137,-106.05759,1],[0.38463187,0.5861775,0.71305966,0,-0.036545653,-0.76221114,0.6462961,0,0.9223463,-0.2746453,-0.27174845,0,-316.64484,108.17884,-102.88415,1],[-0.1165801,-0.80406713,0.58299667,0,0.870117,-0.36570647,-0.33038646,0,0.47885856,0.46875882,0.7422666,0,-226.47318,214.41147,-73.585594,1],[-0.1637038,0.1749753,0.97086805,0,0.12680988,-0.9722476,0.1966061,0,0.97832525,0.15530081,0.13697203,0,-140.12825,330.93024,-45.53043,1],[-0.710208,-0.698805,-0.085300855,0,-0.6870734,0.7144373,-0.1323235,0,0.15341043,-0.035369266,-0.9875294,0,0,286.67032,0,1],[0.07120641,-0.20416752,0.9763428,0,0.95906925,-0.25493845,-0.123257965,0,0.2740726,0.9451572,0.17765753,0,175.72281,173.195,78.23684,1],[-0.063063875,0.8337544,0.54852223,0,0.09570161,-0.54203135,0.83489114,0,0.99341035,0.10514593,-0.04560904,0,241.91739,152.88899,107.708565,1],[-0.70863837,-0.3840886,0.5918679,0,-0.70022166,0.27972615,-0.6568431,0,0.086725056,-0.87990296,-0.46717185,0,237.3453,-0.000011356516,105.67294,1],[-0.21791734,0.4990836,0.83870584,0,0.9617409,-0.036381155,0.27153412,0,0.16603132,0.8657898,-0.47206104,0,272.59726,-96.95435,121.368126,1],[-0.5403492,-0.31166452,-0.78159326,0,-0.13232268,0.9487912,-0.28685525,0,0.8309714,-0.051579475,-0.55391884,0,236.77313,-188.3056,105.41819,1],[0.7204066,-0.09867132,0.6864971,0,0.44387192,-0.6949659,-0.5656855,0,0.53290904,0.71224034,-0.4568606,0,132.47679,-251.17142,58.98247,1],[-0.43458313,0.7246834,0.53476304,0,0.7751211,-0.0014002621,0.63181114,0,0.45861188,0.68908054,-0.5611089,0,-226.41228,223.15541,-100.805244,1],[-0.25613952,-0.9666281,-0.0047608316,0,-0.30943528,0.086658925,-0.94696367,0,0.91577417,-0.24108163,-0.32130563,0,-131.09698,-262.19397,-75.68888,1],[-0.6140218,0.7285844,0.30354893,0,0.76567626,0.45647404,0.45317915,0,0.19161709,0.5106821,-0.8381448,0,-188.24887,-241.41504,-108.68554,1],[-0.26810136,-0.15340003,0.9510994,0,-0.9170144,-0.26198354,-0.30074784,0,0.29530713,-0.9528027,-0.07043189,0,-63.717766,346.14276,-36.78747,1],[-0.4087761,-0.9002635,0.14975877,0,0.88616616,-0.4307735,-0.17071539,0,0.21820095,0.062926784,0.97387296,0,217.12296,57.045647,157.74905,1],[0.15634857,0.9843987,-0.08071181,0,-0.012064744,0.08361407,0.99642515,0,0.9876283,-0.15481588,0.024949457,0,183.16817,-23.796482,133.07945,1],[-0.25188544,0.713389,-0.6539341,0,0.18923084,0.69898456,0.6896465,0,0.94907606,0.049967397,-0.31105924,0,213.79817,-117.66016,155.33347,1],[0.70142776,0.16170368,0.69415486,0,-0.6829855,-0.12597361,0.719487,0,0.20378889,-0.9787659,0.022079876,0,168.82219,-187.89247,122.65649,1],[0.44749984,0.69257426,-0.5657602,0,-0.27149123,0.70799434,0.6519482,0,0.85207766,-0.13814779,0.5048552,0,-0.000024365736,-344.50638,-0.000017702743,1],[-0.35854137,0.036630664,0.93279487,0,0.92389417,-0.12915581,0.36019212,0,0.13366997,0.99094754,0.012464849,0,-108.26613,-300.57437,-78.659935,1],[-0.72517174,-0.66593385,0.17509449,0,-0.40753648,0.21012607,-0.888685,0,0.55501354,-0.71580666,-0.42376983,0,-212.52425,-85.354614,-154.40788,1],[0.23303719,-0.12009175,0.9650242,0,0.585748,-0.77480197,-0.23786801,0,0.7762686,0.62069315,-0.11021416,0,-276.76056,72.71443,-201.07831,1],[0.027975556,0.33717066,0.9410278,0,-0.14369845,-0.9302618,0.33758515,0,0.98922604,-0.14466837,0.022426309,0,-263.9862,145.2803,-191.7972,1],[0.7615035,-0.518134,-0.38942206,0,0.18539532,0.74982834,-0.6351268,0,0.6210805,0.41145423,0.6670565,0,-214.50293,192.63556,-155.8455,1],[0.19896294,0.018253803,0.979837,0,-0.07270713,-0.99679613,0.03333345,0,0.9773062,-0.07787327,-0.19699831,0,74.916565,310.26184,67.45518,1],[-0.10767309,0.2815575,0.95348406,0,-0.86220396,-0.50394213,0.05144553,0,0.49498567,-0.8165585,0.297021,0,173.45686,-49.612648,156.18126,1],[-0.32377717,-0.81195176,0.4856982,0,0.93262523,-0.3603278,0.019341186,0,0.15930644,0.4592366,0.8739126,0,-0.00002249447,-346.24042,-0.000020254114,1],[0.73351836,-0.47305435,0.48802707,0,-0.40425652,-0.88087565,-0.24624139,0,0.5463767,-0.016665535,-0.83737373,0,-129.43045,-301.66412,-116.53971,1],[0.10866733,-0.9516586,0.28729308,0,-0.36352682,-0.3070299,-0.8795345,0,0.9252241,-0.00886208,-0.37931755,0,39.353424,276.69232,43.70641,1],[0.8716434,0.078311875,0.4838439,0,0.37210646,-0.74824405,-0.54924273,0,0.3190211,0.6587853,-0.68134236,0,90.27822,303.03235,100.26414,1],[0.27837175,-0.91656613,-0.28708118,0,0.5974334,0.3992729,-0.69545275,0,0.7520522,0.022082504,0.6587335,0,160.10893,215.44781,177.819,1],[0.10114157,0.8845406,0.45536608,0,0.21257493,-0.46635696,0.85867524,0,0.97189623,0.009951646,-0.23519923,0,102.349464,-210.52989,113.67061,1],[0.47426483,-0.11223546,0.87319875,0,0.8768679,-0.028312705,-0.47989684,0,0.07858406,0.9932782,0.08498795,0,46.9704,-330.24713,52.16592,1],[0.18477555,-0.83835965,0.51284605,0,0.93069255,-0.018362716,-0.3653412,0,0.31570455,0.54480815,0.7768621,0,23.616905,-335.80853,26.22923,1],[0.77900124,-0.074807584,0.622544,0,-0.10373143,-0.9945521,0.010291427,0,0.6183825,-0.07259441,-0.7825172,0,-67.37453,-309.89093,-74.827,1],[-0.39628053,0.70972925,0.58244836,0,-0.61387223,-0.6765535,0.4067386,0,0.68273175,-0.1963663,0.7037881,0,-140.16196,-288.30908,-155.66562,1],[-0.96582663,-0.2572496,-0.03164742,0,-0.11426754,0.53220916,-0.8388661,0,0.23264101,-0.806583,-0.54341704,0,-164.53566,-221.40466,-182.7354,1],[0.050824597,-0.8962835,0.44055957,0,0.046800055,-0.43850762,-0.89750814,0,0.99761045,0.0662337,0.019659145,0,-163.00465,-108.46068,-181.03503,1],[0.76451457,0.01709883,0.6443796,0,0.63922983,-0.14895345,-0.75445217,0,0.08308232,0.9886964,-0.12480717,0,-62.741062,288.5792,-69.681015,1],[0.15731403,-0.4567343,0.87558335,0,-0.6279361,-0.7305669,-0.26826894,0,0.7621998,-0.5076079,-0.4017284,0,94.7931,279.33066,130.4715,1],[-0.23369001,-0.9476236,-0.21771212,0,-0.026422562,0.23001859,-0.9728275,0,0.9719521,-0.22158755,-0.078791685,0,161.01714,-89.00806,221.62105,1],[0.30116037,-0.14497715,0.94248825,0,0.865523,-0.37326238,-0.33398375,0,0.40021542,0.91632795,0.013069232,0,-54.536808,-285.55844,-75.06347,1],[-0.2192915,0.8072175,0.54800665,0,-0.96164316,-0.2736902,0.018334337,0,0.16478384,-0.52296627,0.8362731,0,-67.97932,259.76172,-93.5655,1],[-0.2875424,-0.24293855,0.92644495,0,-0.91770726,-0.2069457,-0.3390971,0,0.27410358,-0.9477101,-0.16344081,0,59.240204,266.1114,102.60706,1],[-0.84078926,0.5351881,0.08152948,0,0.2852721,0.31000787,0.9069261,0,0.46010128,0.7857919,-0.41332552,0,15.338919,-291.88007,26.567791,1],[0.34408006,0.33172154,0.87839043,0,-0.58337414,-0.65750647,0.47682273,0,0.73571974,-0.67649543,-0.0327171,0,-0.00001212968,-277.49475,-0.000021009224,1],[-0.054382727,-0.015117317,0.9984057,0,0.031307008,-0.9994196,-0.013427347,0,0.99802923,0.030526882,0.05482444,0,-101.89172,-280.48395,-176.48167,1],[-0.4272231,0.7463543,0.5103289,0,0.8933926,0.26167563,0.365206,0,0.13903245,0.61194855,-0.7785813,0,-122.986465,-178.7099,-213.01883,1],[0.91094613,0.0070330054,0.4124652,0,-0.26115754,-0.76414967,0.58980674,0,0.31933329,-0.6450006,-0.69426256,0,-131.03809,27.545288,-226.96463,1],[0.19548899,0.7095321,-0.6770142,0,-0.010346374,0.69178724,0.7220273,0,0.9806513,-0.13414374,0.14257787,0,-49.968273,307.57318,-86.54761,1],[-0.6632539,0.7483446,-0.008636102,0,0.05814987,0.06303568,0.9963158,0,0.74613196,0.6603081,-0.0853248,0,-17.830257,339.28656,-30.882915,1],[-0.5512954,-0.62166154,0.55642635,0,-0.41800174,-0.3713793,-0.82906693,0,0.7220442,-0.689648,-0.0551159,0,0,255.9274,0,1],[-0.0952304,0.9734827,0.2079965,0,-0.773984,-0.20380706,0.5995093,0,0.6260031,-0.10389446,0.77286875,0,-101.030174,-26.107035,-226.91754,1],[0.3950941,-0.2813542,0.87449443,0,-0.7298119,-0.6742799,0.1127885,0,0.55792046,-0.6827785,-0.47173965,0,88.38614,-165.1358,272.0246,1],[0.107919805,0.98263896,0.15091026,0,-0.06778001,-0.14417109,0.98722875,0,0.9918463,-0.11677024,0.051044364,0,26.30043,-261.9416,80.94441,1],[-0.2456873,-0.9115827,-0.32962823,0,-0.30700573,0.39572108,-0.86553586,0,0.9194483,-0.11145342,-0.37708473,0,-71.15874,-255.74574,-219.00407,1],[0.34205374,0.93720585,0.068149865,0,-0.1353717,-0.022620976,0.9905366,0,0.92987835,-0.3480423,0.119133554,0,-84.92583,-28.885317,-261.37485,1],[0.3917047,-0.8477265,-0.35766917,0,0.013931637,0.3941524,-0.91893953,0,0.91998553,0.35497,0.16620155,0,-86.57895,203.55925,-266.46265,1],[-0.4362894,0.8567047,-0.2751519,0,0.31960452,0.4333942,0.84262836,0,0.8411329,0.27969,-0.462892,0,-31.10439,309.7871,-95.72948,1],[-0.07407936,-0.9280287,0.3650685,0,-0.05517167,-0.36169988,-0.9306607,0,0.99572504,-0.089084186,-0.024406398,0,51.04844,25.806177,240.16406,1],[0.71225935,0.48376828,0.5085811,0,0.46983424,-0.8668908,0.16660154,0,0.52148086,0.120285325,-0.84474206,0,58.088703,-59.38643,273.28592,1],[0.46594006,0.3711112,0.80322874,0,0.60101056,-0.79897785,0.020510733,0,0.6493737,0.4731922,-0.59531754,0,37.32064,-199.3576,175.57985,1],[-0.07349374,0.938481,0.3374198,0,0.2481043,-0.31049252,0.9176266,0,0.9659415,0.15115514,-0.21002191,0,-13.608475,-307.93277,-64.02286,1],[-0.20031437,-0.91355526,0.35396463,0,-0.67510974,-0.13311246,-0.72560865,0,0.7100007,-0.3843148,-0.5900857,0,-27.246517,-294.33994,-128.18481,1],[-0.8119645,-0.08856319,0.5769491,0,0.38271546,-0.8270864,0.4116515,0,0.44072956,0.5550538,0.7054593,0,-42.36116,-280.43234,-199.29364,1],[-0.8566753,0.46417058,-0.22506216,0,0.41574773,0.879534,0.23146014,0,0.3053868,0.10471711,-0.946453,0,-53.67874,-83.88797,-252.53868,1],[-0.72297347,-0.47901648,0.49784797,0,0.65208215,-0.71119624,0.26265725,0,0.22825044,0.51453197,0.8265341,0,-62.525684,-31.608166,-294.16025,1],[0.048388198,-0.9637914,0.26223034,0,0.1631412,-0.25138614,-0.9540388,0,0.9854154,0.08894479,0.14506997,0,-67.72979,69.24286,-318.64368,1],[0.20406729,-0.9233464,-0.32525063,0,0.18653244,0.36282963,-0.9129953,0,0.9610214,0.12564269,0.2462757,0,-62.71954,174.16597,-295.0723,1],[-0.601526,-0.6458094,0.47020912,0,-0.46913457,-0.19083965,-0.8622604,0,0.6465904,-0.7392635,-0.18817651,0,-49.905727,216.12706,-234.78804,1],[0.4981284,0.47571537,0.7249572,0,0.8434676,-0.45971343,-0.27789563,0,0.20107335,0.74990565,-0.6302468,0,-35.314236,233.78136,-166.14046,1],[-0.29562616,-0.760076,0.5786965,0,-0.23211884,-0.53046674,-0.8153072,0,0.9266747,-0.37535253,-0.019608123,0,-25.298435,273.2951,-119.0198,1],[-0.617184,-0.53969324,-0.57255155,0,-0.21693616,0.8161937,-0.5355059,0,0.7563218,-0.20629853,-0.62082064,0,13.964785,300.06595,132.8661,1],[0.06494648,0.9583622,-0.27807152,0,-0.18378457,0.28538066,0.94062805,0,0.9808186,-0.009985223,0.19466665,0,23.691954,73.64487,225.41397,1],[0.90803236,-0.36311632,-0.2088629,0,0.20112161,0.81527966,-0.5430185,0,0.3674606,0.4510716,0.8133309,0,29.64178,-92.13951,282.02283,1],[0.29014388,0.6042533,0.7420879,0,0.9519104,-0.2619661,-0.15887213,0,0.09840289,0.75249696,-0.65120286,0,6.669069,-300.16254,63.451984,1],[-0.0350497,0.8491804,0.5269385,0,-0.5601694,-0.4533429,0.6933184,0,0.82763624,-0.27087423,0.4915744,0,-0.0000030090678,-329.2858,-0.000028629383,1],[-0.818765,-0.5427153,-0.1873072,0,-0.05441777,0.39813614,-0.91571087,0,0.57154405,-0.7395591,-0.35551327,0,-3.6762512,-334.61908,-34.97721,1],[0.32519594,0.8801982,0.345686,0,0.92022765,-0.3787396,0.09867803,0,0.21778119,0.2860201,-0.9331473,0,-18.219036,-301.89203,-173.34262,1],[0.94153017,-0.3365966,-0.014951184,0,0.2514715,0.7315656,-0.63369846,0,0.22423856,0.5928865,0.7734356,0,-26.867235,-231.43346,-255.62479,1],[-0.9723836,-0.23110902,-0.032538272,0,-0.13696893,0.6779739,-0.7222125,0,0.18896993,-0.6978109,-0.69090545,0,-29.94107,-60.884674,-284.8704,1],[0.25798368,-0.6991426,0.66681635,0,0.0415819,-0.68150514,-0.730631,0,0.96525407,0.21621837,-0.14674553,0,-23.570448,203.03505,-224.25793,1],[-0.27245122,0.8145776,0.5120877,0,-0.90510446,-0.39754218,0.1508181,0,0.3264295,-0.42240226,0.8455886,0,-6.334383,285.09872,-60.267654,1],[-0.32587802,0.91763425,-0.22748823,0,0.62253374,0.38937202,0.6788528,0,0.71151614,0.0796041,-0.69814605,0,-0.0000082485085,259.7286,188.70387,1],[-0.7766854,0.20150359,0.59678817,0,0.48891634,-0.4045041,0.772876,0,0.39714053,0.892061,0.21565402,0,0.0000113731185,-115.84256,-260.1866,1],[-0.6968028,0.6992679,0.15965629,0,0.19760343,-0.026826546,0.97991484,0,0.6895061,0.71435606,-0.11948494,0,0.000014891784,35.807323,-340.68427,1],[0.3082504,-0.23387769,0.9221078,0,0.638575,-0.66760033,-0.38279456,0,0.70512664,0.70683163,-0.056439616,0,0.000012390345,163.65454,-283.45807,1],[-0.05292998,-0.29945588,0.9526408,0,0.17711374,-0.9416685,-0.2861662,0,0.9827661,0.153579,0.10288025,0,0.000010810853,179.69096,-247.3235,1],[-0.7164327,-0.6828302,-0.14306326,0,-0.53387874,0.668603,-0.5176325,0,0.44910765,-0.2944704,-0.84355766,0,0.00000770822,195.84935,-176.3435,1],[0.38602194,-0.46376604,0.7974385,0,0.7996173,-0.2628366,-0.5399344,0,0.45999926,0.8460721,0.26937464,0,-27.309397,-0.000011420154,259.83145,1],[0.7174783,0.12835923,0.6846523,0,-0.39398405,-0.7357821,0.55081886,0,0.5744576,-0.6649427,-0.47733614,0,-30.480324,-168.35431,290.0008,1],[-0.2974613,0.70503074,0.64377666,0,-0.32883927,-0.708699,0.6241878,0,0.8963155,-0.026027318,0.44265231,0,-20.747868,-273.19818,197.4027,1],[0.054794777,0.5466498,0.83556664,0,-0.03558565,-0.83522314,0.5487587,0,0.9978633,-0.059803292,-0.026312977,0,27.692074,-152.95372,-263.47238,1],[-0.94590086,-0.097225994,0.30954584,0,0.13579074,-0.98510087,0.10553255,0,0.29467335,0.14185679,0.94501024,0,33.954956,34.141937,-323.0597,1],[0.9281625,0.24215463,0.28262252,0,0.34824985,-0.8329608,-0.42999822,0,0.13128741,0.49753144,-0.8574532,0,34.029762,105.779236,-323.77142,1],[0.3530347,-0.49341312,0.79492766,0,-0.56912863,-0.7876166,-0.23611987,0,0.7426029,-0.3690576,-0.55887157,0,-36.972836,197.49973,173.94356,1],[0.05192281,-0.3634981,0.9301469,0,0.9406476,-0.29500327,-0.16779521,0,0.3353896,0.8836528,0.3266062,0,-53.172153,-230.273,250.15543,1],[-0.019202918,-0.8085649,0.58809364,0,-0.028030502,-0.5875355,-0.8087128,0,0.9994226,-0.032014202,-0.011382083,0,14.06578,-318.2807,-66.17432,1],[-0.9879074,-0.11130654,0.10793458,0,-0.02366869,-0.57972306,-0.81446975,0,0.15322798,-0.80717534,0.57007825,0,51.05373,178.40604,-240.189,1],[0.2757628,0.56712663,0.77609426,0,-0.87293077,-0.1902699,0.44920957,0,0.4024261,-0.8013518,0.4425929,0,12.914296,292.22498,-60.75701,1],[0.29756922,-0.9457861,-0.13015836,0,0.35518947,0.23622242,-0.9044553,0,0.8861676,0.22290717,0.4062258,0,-20.381744,310.30194,62.72857,1],[-0.0993131,0.68619776,0.7206036,0,-0.20418963,-0.7228264,0.6601732,0,0.97388065,-0.08157594,0.21190059,0,-71.9981,169.27774,221.58743,1],[0.29650095,0.91781586,-0.26401,0,-0.4724614,0.38120872,0.7946447,0,0.8299804,-0.11087835,0.5466613,0,-93.219215,98.01649,286.8993,1],[-0.17014503,0.37149307,0.9127122,0,0.06819999,-0.91955715,0.3869928,0,0.9830562,0.12809187,0.13112226,0,79.819374,-27.148493,-245.65883,1],[-0.4416542,-0.70198023,0.5587176,0,0.7406151,-0.6367465,-0.21457654,0,0.50639,0.31902608,0.80111897,0,89.32792,30.382584,-274.92313,1],[-0.5806029,0.27237767,0.76727486,0,0.45321995,-0.6747574,0.5824896,0,0.6763815,0.68593943,0.26831913,0,92.30677,63.492924,-284.0911,1],[0.27074292,-0.63438064,-0.7240576,0,0.034731347,0.7580965,-0.6512168,0,0.9620249,0.15116486,0.22728217,0,79.99509,188.07967,-246.1996,1],[-0.047599714,-0.37977862,0.92385197,0,0.18031546,-0.9129725,-0.3660158,0,0.9824564,0.14916255,0.11193718,0,70.01849,204.01779,-215.4948,1],[0.5918215,0.75176454,0.2908563,0,-0.59185433,0.16030559,0.78994346,0,0.54722553,-0.6396501,0.53980744,0,-70.293625,237.87108,157.88208,1],[0.43675005,-0.510769,0.7405163,0,0.3031764,-0.69144595,-0.6557336,0,0.8469554,0.51089877,-0.14713594,0,-127.36139,-0.000013687343,286.05844,1],[0.15853795,0.10183877,0.9820869,0,-0.07260675,-0.99077106,0.11446011,0,0.98467964,-0.08945241,-0.14968063,0,-84.44376,-230.57748,189.66385,1],[0.0030388439,-0.319887,0.9474508,0,0.49888784,-0.8206415,-0.27867264,0,0.86666125,0.47351852,0.15709394,0,-44.494476,-245.70264,99.93625,1],[-0.008323539,0.03484942,0.99935794,0,0.13892016,-0.98966104,0.03566833,0,0.9902686,0.13912785,0.0033961954,0,94.14258,-133.6325,-211.44774,1],[-0.5658197,0.6444566,0.51431876,0,0.8242466,0.42577097,0.37327826,0,0.02157965,0.6351337,-0.77210075,0,51.874107,220.90106,-116.51118,1],[-0.18778625,0.66894066,-0.7192042,0,0.07647242,0.73996544,0.6682837,0,0.97922844,0.07049521,-0.19011083,0,-82.68315,286.42282,143.21141,1],[-0.6637862,0.7248771,-0.18423107,0,0.435674,0.57496697,0.6925324,0,0.60792774,0.37942874,-0.69746524,0,-168.05035,109.20573,291.07172,1],[-0.09074033,0.9697613,0.22655945,0,0.36940283,-0.17849213,0.911966,0,0.92482847,0.1664438,-0.34203613,0,-165.78598,70.477776,287.14972,1],[-0.024769211,-0.99200827,0.123717695,0,-0.17987207,-0.117313564,-0.9766696,0,0.9833781,-0.04644469,-0.17552881,0,-165.27917,-147.17401,286.2719,1],[0.87804115,0.24309702,0.412247,0,-0.27806482,-0.4419445,0.852857,0,0.38951728,-0.86347485,-0.32044873,0,78.334854,-215.6374,-135.67992,1],[-0.30241644,0.05472511,0.9516036,0,0.12417032,-0.98758125,0.096255064,0,0.94505346,0.14727004,0.2918656,0,94.27318,-169.76794,-163.28592,1],[-0.23487154,0.42881727,0.8723252,0,-0.30775335,-0.88406765,0.35172775,0,0.92202127,-0.18585016,0.33961228,0,126.4736,-82.18754,-219.05865,1],[-0.17273319,-0.056998596,0.98331803,0,0.734856,-0.6722087,0.09012249,0,0.65585816,0.7381643,0.15799853,0,0,264.16095,0,1],[-0.040321168,-0.9468632,0.3190993,0,0.95106596,-0.13428347,-0.27828318,0,0.30634585,0.29226378,0.90594375,0,-83.85417,320.42242,115.41538,1],[-0.29776672,0.9529524,0.05671668,0,0.17085534,-0.00525406,0.9852822,0,0.9392249,0.30307457,-0.16125251,0,-116.551125,272.9209,160.41888,1],[-0.7303631,-0.05080631,0.681167,0,0.68305546,-0.057574045,0.72809374,0,0.0022257867,0.9970476,0.07675348,0,-157.12007,-194.21109,216.25726,1],[-0.079452395,-0.642162,0.7624403,0,-0.980488,-0.08761945,-0.1759718,0,0.17980702,-0.76154494,-0.6226706,0,-59.268196,-226.47487,81.57568,1],[0.6426493,-0.7042053,0.30182254,0,0.15389337,-0.2672667,-0.95125467,0,0.7505456,0.6577716,-0.063386224,0,154.10666,-85.18811,-212.10966,1],[-0.06077654,0.6366766,0.76873213,0,0.21627167,-0.7434607,0.63284504,0,0.97443974,0.20471711,-0.09251016,0,169.0053,-61.116253,-232.61588,1],[0.15769364,-0.9222907,0.3528637,0,0.055346444,-0.3485181,-0.9356666,0,0.98593587,0.1670784,-0.003913581,0,101.55986,237.81668,-139.78517,1],[-0.53776795,-0.8217062,-0.18869197,0,-0.7131537,0.56272155,-0.4180386,0,0.44968593,-0.090241395,-0.8886164,0,79.62791,234.64268,-109.59841,1],[0.19917563,0.560658,-0.80373615,0,-0.017129812,0.82203573,0.56917816,0,0.9798141,-0.099598564,0.17333345,0,-194.98108,211.7106,216.5484,1],[-0.19072741,0.8134893,0.54941624,0,-0.6335173,-0.5295373,0.564133,0,0.74985254,-0.24046908,0.6163569,0,200.62007,-63.729202,-222.81114,1],[-0.5706215,-0.4084683,-0.7124217,0,-0.14486057,0.903986,-0.4022745,0,0.80833566,-0.12634467,-0.5750048,0,216.21124,-33.961514,-240.12688,1],[-0.30298898,0.8517154,0.42752606,0,-0.62856746,-0.5158015,0.5821098,0,0.71631044,-0.09235612,0.69164276,0,170.8934,82.98328,-189.79631,1],[0.21979284,0.5248247,0.8223444,0,0.28100136,-0.84129,0.46181107,0,0.93419987,0.12957712,-0.33238596,0,-236.71063,183.90079,213.13521,1],[-0.5263153,0.38995013,0.75559986,0,-0.6194789,-0.78456247,-0.026602626,0,0.58244157,-0.4820795,0.65449303,0,-207.21544,-90.59925,186.5776,1],[0.002257279,-0.5415892,0.84064025,0,-0.007471072,-0.8406281,-0.5415613,0,0.99996954,-0.005058029,-0.0059437836,0,-214.50475,-166.64906,193.14093,1],[-0.20308755,0.9791218,-0.008711606,0,0.36713403,0.08439219,0.9263317,0,0.9077268,0.18492812,-0.37660795,0,-114.97389,-212.94374,103.522964,1],[-0.06563174,-0.66081154,0.74767685,0,0.12937808,-0.74860287,-0.6502731,0,0.98942095,0.05405443,0.13462663,0,175.87328,-105.36821,-158.35703,1],[-0.093029745,0.49401987,0.8644593,0,0.40707514,-0.77347183,0.48583037,0,0.90864474,0.39709657,-0.12914732,0,225.97246,-64.633415,-203.46652,1],[0.2444309,0.86679816,0.43464294,0,0.94045603,-0.32110947,0.1114952,0,0.23621179,0.38150972,-0.8936747,0,-118.313324,-253.30078,85.95964,1],[0.41881943,0.5486465,0.72358644,0,-0.892265,0.100622684,0.44015706,0,0.16868143,-0.82997715,0.5316808,0,201.08464,110.66351,-146.09653,1],[0.12853931,-0.97753835,-0.1670222,0,0.3696385,0.20350912,-0.9066154,0,0.92024183,0.054797873,0.3874947,0,-212.1102,-79.580536,122.46188,1],[0.43298537,-0.9011177,-0.022593796,0,0.24756362,0.14298046,-0.9582634,0,0.8667387,0.40932065,0.2849924,0,-204.10545,-171.23203,117.84037,1],[-0.115279995,0.64442134,0.75593096,0,0.3103186,-0.6995527,0.64368343,0,0.9436169,0.30878326,-0.11933149,0,-137.59526,-275.1905,79.440674,1],[0.49816787,-0.61071587,0.61551183,0,0.5632819,-0.3117358,-0.7652021,0,0.65919816,0.7279058,0.18870842,0,-29.14829,-320.23007,16.828775,1],[0.68638116,0.6686126,0.28607363,0,-0.7201096,0.56989974,0.39579862,0,0.10160265,-0.47767305,0.87264276,0,102.242744,-265.16666,-59.029884,1],[0.3848523,-0.16824095,0.9075151,0,0.7665386,-0.4894175,-0.41579932,0,0.5141083,0.8556667,-0.059390258,0,209.0969,-107.49793,-120.72216,1],[0.49306276,0.869341,-0.033696055,0,-0.4134743,0.26823536,0.8701085,0,0.7654594,-0.41508567,0.49170703,0,26.072212,286.43512,-15.052801,1],[-0.11041713,-0.83811027,0.5342091,0,-0.05423416,-0.53161395,-0.84524864,0,0.9924045,-0.12230231,0.013245081,0,-185.04509,224.96237,82.38736,1],[-0.6685647,-0.40818638,0.62161493,0,0.63873404,-0.74327433,0.19890217,0,0.38084128,0.5300256,0.7576495,0,-286.65952,32.980423,127.62901,1],[0.14967766,-0.44462678,0.88312155,0,-0.20864561,-0.88727367,-0.4113545,0,0.96646965,-0.12268885,-0.22557448,0,72.37988,-243.84377,-32.22559,1],[0.41550747,-0.8795098,-0.2319827,0,0.7383147,0.47507706,-0.47874123,0,0.5312673,0.027644314,0.8467531,0,291.5549,103.69706,-129.8086,1],[0.82343686,-0.25523242,0.5067624,0,-0.56606734,-0.43088123,0.7027867,0,0.038980424,-0.86556214,-0.49928227,0,214.92192,170.92729,-95.689384,1],[-0.562489,-0.7826729,0.26651353,0,0.8255727,-0.5492628,0.12938347,0,0.04512104,0.29280308,0.95510757,0,-287.5451,134.6117,93.42909,1],[-0.19852157,-0.46044338,0.86520576,0,0.3930023,-0.8460957,-0.3600989,0,0.89785206,0.26854047,0.34892356,0,-308.63162,105.44115,100.28051,1],[-0.09117772,-0.6844545,0.7233317,0,-0.38100022,-0.6471171,-0.6603623,0,0.9200682,-0.33579984,-0.20177464,0,48.44012,-239.6206,-15.739153,1],[0.13200314,0.21256089,0.96819055,0,-0.049481187,-0.974107,0.22060612,0,0.99001354,-0.07702792,-0.118067436,0,100.048386,-236.27666,-32.507694,1],[-0.13604824,0.12315962,0.9830171,0,0.83206296,-0.5243695,0.18085326,0,0.5377379,0.8425369,-0.03113702,0,198.9049,188.31148,-64.628136,1],[-0.5331783,-0.5463743,0.64590716,0,0.57595533,-0.79365647,-0.19592065,0,0.6196743,0.26755297,0.73784757,0,118.53435,279.93356,-38.514153,1],[-0.24983977,0.9680245,-0.022551656,0,0.40796658,0.12635812,0.90421057,0,0.87814766,0.21670745,-0.42649096,0,94.95255,307.27298,-30.85196,1],[0.5249342,0.7093549,0.47038257,0,0.84317136,-0.5088496,-0.1735917,0,0.11621586,0.48773736,-0.86522025,0,63.887028,316.03244,-20.758154,1],[0.75378525,-0.06373969,0.6540222,0,-0.56963485,-0.5595742,0.6019907,0,0.32760325,-0.8263256,-0.45810714,0,-143.4312,201.82649,30.48723,1],[-0.7129946,0.49261466,0.49896854,0,0.33941644,-0.380208,0.8603711,0,0.6135432,0.78279805,0.103884704,0,-164.34538,186.60172,34.93268,1],[0.45264027,-0.68546265,0.57031375,0,0.19180197,-0.54976964,-0.81299776,0,0.87082076,0.47738284,-0.11737479,0,-296.52896,134.97266,63.029152,1],[-0.84297657,0.35325032,0.40571502,0,0.3485112,-0.2158985,0.91210073,0,0.40979317,0.91027576,0.05888568,0,-270.24533,-29.038504,57.442398,1],[0.4198518,-0.18561727,0.88840914,0,0.50301635,-0.76717925,-0.39800817,0,0.7554462,0.61398876,-0.22873309,0,199.85341,-183.96902,-42.480137,1],[-0.06488021,-0.5293592,0.8459133,0,-0.00085601705,-0.84766954,-0.5305239,0,0.9978927,-0.03514462,0.054543834,0,237.9848,-79.05348,-50.58521,1],[-0.26270404,-0.46663666,0.8445335,0,0.23905797,-0.87946427,-0.41157487,0,0.93479294,0.09377008,0.34259203,0,263.38168,-57.234276,-55.983482,1],[0.6050374,-0.7678251,0.21065222,0,0.04392042,-0.23198391,-0.97172755,0,0.79498476,0.59718347,-0.10663574,0,291.82318,132.83075,-62.02891,1],[0.32422796,-0.39299417,-0.8604834,0,0.03638704,0.9141301,-0.40378472,0,0.9452789,0.099607855,0.31068644,0,-274.91614,159.59718,28.894861,1],[-0.020567311,0.98237705,-0.18577507,0,0.03762804,0.1864433,0.98174495,0,0.9990801,0.013201501,-0.040799562,0,-295.4213,-0.000012984405,31.05004,1],[0.038330313,-0.38860124,0.9206084,0,0.047856797,-0.91951436,-0.39013204,0,0.99811846,0.05901125,-0.016648062,0,-257.05566,-115.07893,27.017645,1],[-0.38584962,-0.28946507,0.87597376,0,0.9026788,-0.31452096,0.2936794,0,0.19050218,0.904039,0.3826518,0,-243.38234,-141.29088,25.58052,1],[0.03364961,0.34822702,0.9368061,0,0.015402365,-0.93740624,0.34789687,0,0.999315,0.0027224356,-0.036906876,0,-200.9862,-224.44733,21.12451,1],[0.035961177,0.8660955,0.4985834,0,-0.77373606,-0.2916258,0.56239384,0,0.6324866,-0.40599632,0.6596421,0,280.45367,-29.6392,-29.47688,1],[0.09717254,-0.97051,0.22060779,0,-0.54156995,-0.23752873,-0.8064007,0,0.83502066,-0.04111454,-0.5486803,0,-312.00653,138.91425,-0.000027276477,1],[0.3543622,0.16044948,0.92124015,0,-0.25567842,-0.9310043,0.2604987,0,0.8994754,-0.32785213,-0.28888926,0,65.54073,-308.34476,0.0000057297534,1],[0.31354606,-0.44022053,0.84136486,0,0.9199805,-0.078646556,-0.3839929,0,0.235212,0.89443874,0.38033497,0,156.81561,-271.6126,0.000013709257,1],[0.09385115,0.7812532,-0.6171186,0,-0.058192715,0.62309945,0.7799748,0,0.9938841,-0.037289727,0.10394184,0,271.34323,-57.67585,0.000023721579,1],[-0.051148735,-0.93530875,0.35011628,0,-0.07247317,-0.34617466,-0.93536663,0,0.9960579,-0.073216856,-0.050078385,0,63.33116,297.9496,0.000005536586,1],[0.2257035,0.48170665,0.8467684,0,0.31278956,-0.85900927,0.40529713,0,0.9226162,0.17338333,-0.3445542,0,-294.0407,62.84454,-30.904865,1],[-0.7305138,-0.20448685,0.65156335,0,-0.5302853,-0.43131834,-0.7299055,0,0.43028727,-0.87872046,0.2066476,0,240.765,-175.88963,25.305372,1],[0.7100206,-0.6889182,0.1458166,0,0.12254011,-0.0830349,-0.9889839,0,0.69343686,0.7200673,0.025463618,0,198.71461,145.1698,20.885708,1],[0.8088793,-0.05094956,0.5857631,0,-0.53171086,-0.48865706,0.6917354,0,0.25099364,-0.87098706,-0.42235503,0,125.70412,283.89136,13.212009,1],[0.3121663,0.37520587,0.87279594,0,-0.32444504,-0.82136726,0.46913898,0,0.89290965,-0.42962366,-0.13466947,0,-230.47559,-261.68753,-48.98908,1],[0.27427515,-0.6979917,0.6614988,0,0.77363384,-0.2484274,-0.58290184,0,0.57119507,0.6716333,0.47185257,0,304.31262,-101.08617,64.68362,1],[0.8948689,-0.37390172,-0.24373573,0,0.25133678,0.8734211,-0.4170916,0,0.3688352,0.31198254,0.8755727,0,143.70084,254.45752,30.544542,1],[-0.10308305,0.16830473,0.9803302,0,-0.45285675,-0.8854501,0.10439704,0,0.8856041,-0.43318763,0.16749284,0,-118.42945,279.68567,-38.480034,1],[0.1083016,0.62768805,0.7708945,0,0.2696416,-0.7649336,0.58495295,0,0.9568512,0.14451392,-0.25209436,0,-149.81985,216.82129,-48.679382,1],[0.3468462,-0.91846967,0.1900296,0,0.005060906,-0.20077138,-0.97962505,0,0.93790835,0.34074095,-0.064988494,0,-192.2072,181.97037,-62.45186,1],[0.6111628,0.7899926,-0.048906505,0,-0.6707658,0.54974586,0.49784812,0,0.42018247,-0.27146143,0.8658842,0,-195.07108,-282.30954,-63.38239,1],[-0.19360997,0.9700166,0.14691137,0,0.0011166764,-0.14952676,0.988757,0,0.98107797,0.19159727,0.027866676,0,0.000025316276,-304.4871,0.000008225751,1],[-0.043285683,0.788518,0.61348647,0,0.14620881,-0.60245097,0.7846501,0,0.9883063,0.12366124,-0.08921077,0,143.97981,-262.214,46.78184,1],[0.2785282,-0.40383,0.8714031,0,0.80242336,-0.40073133,-0.44218904,0,0.5277677,0.8223963,0.21242765,0,299.24536,-140.08905,97.230644,1],[0.21752243,0.000030875206,0.97605526,0,-0.7262126,-0.66814315,0.16186392,0,0.6521497,-0.74403274,-0.1453137,0,292.9889,32.37908,95.197784,1],[-0.972424,0.20338927,-0.11412458,0,0.05297453,0.66917974,0.74120986,0,0.22712402,0.7147246,-0.6615009,0,87.34798,282.66403,28.381056,1],[-0.8345304,-0.55005765,-0.03155467,0,-0.5211769,0.8066955,-0.2785985,0,0.17870022,-0.21605334,-0.9598892,0,0,303.26733,0,1],[0.016897699,0.9936715,0.111046955,0,-0.06294545,-0.10978529,0.9919602,0,0.9978739,-0.023751745,0.060691983,0,-62.349926,321.09326,-27.759953,1],[0.7410526,0.4041577,0.5361881,0,-0.53703487,-0.12256602,0.8346084,0,0.40303183,-0.9064404,0.1262189,0,-192.23769,189.47227,-85.58965,1],[-0.42793524,-0.77755505,0.46073815,0,-0.894876,0.29302084,-0.33665368,0,0.12676087,-0.5563695,-0.82120925,0,-241.7875,85.99627,-107.650635,1],[-0.10673508,-0.76855177,0.6308215,0,-0.39419413,-0.5497456,-0.7364719,0,0.9128081,-0.32727352,-0.24428144,0,-254.01584,-123.798,-113.09504,1],[0.032390945,0.74463004,0.66669106,0,-0.012218029,-0.6666962,0.7452294,0,0.9994006,-0.032284334,-0.012497008,0,0.000023336199,-292.19672,0.0000103899365,1],[-0.8627645,-0.26189214,0.43249273,0,-0.40820724,-0.14392716,-0.90147203,0,0.29833588,-0.95430475,0.017268978,0,101.73039,-250.11372,45.293247,1],[-0.064769596,-0.7071441,0.7040967,0,-0.8060925,-0.37884298,-0.45463482,0,0.5882344,-0.59701353,-0.54548603,0,259.04895,-163.71591,115.33592,1],[0.34352347,0.8832009,-0.31929266,0,-0.010043052,0.34341794,0.939129,0,0.9390904,-0.31940618,0.12684216,0,272.24994,63.344894,121.21337,1],[0.014370699,0.3952849,0.9184462,0,-0.0011363263,-0.918534,0.39534044,0,0.9998961,-0.006724973,-0.0127508035,0,218.39023,106.435425,97.23351,1],[0.10359389,-0.859374,-0.5007442,0,0.0022107374,0.5036506,-0.8639046,0,0.9946172,0.08838823,0.05407498,0,-157.93588,251.00888,-91.18427,1],[-0.2241574,-0.19913507,0.95399094,0,0.11802097,-0.97724324,-0.17625755,0,0.9673802,0.07308149,0.24255839,0,-196.96564,204.78455,-113.71812,1],[-0.0026003774,0.8841977,0.46710563,0,0.010599233,-0.46705657,0.88416386,0,0.99994045,0.007250122,-0.008157294,0,-219.37039,53.84207,-126.653496,1],[0.07026334,0.5745243,0.81546605,0,-0.019358138,-0.8165473,0.576954,0,0.9973406,-0.05632462,-0.046251617,0,-197.22171,-0.000009954482,-113.86595,1],[0.23362209,-0.65979785,0.71420413,0,0.90382415,-0.12346263,-0.4097059,0,0.3585006,0.74123126,0.5674976,0,-222.79236,-186.90916,-128.62917,1],[-0.99613136,-0.05585493,0.067842364,0,-0.026153304,-0.54860073,-0.8356753,0,0.08389496,-0.83421665,0.5450176,0,175.88574,-182.8679,101.54764,1],[-0.07265346,-0.6577186,0.7497518,0,-0.15136315,-0.7357595,-0.6601115,0,0.98580456,-0.16144417,-0.04609888,0,194.26947,129.51294,112.16149,1],[0.7355211,0.41735727,-0.5336869,0,-0.18804333,0.88253707,0.4310082,0,0.65088284,-0.21665935,0.7276059,0,177.85503,184.91539,102.68461,1],[0.071847774,0.97461796,0.21203256,0,-0.40224075,-0.1662158,0.9003193,0,0.9127104,-0.14997406,0.38008878,0,28.323399,311.16708,16.352512,1],[-0.7230112,-0.58133376,-0.37323695,0,-0.35834616,0.77749115,-0.5168128,0,0.59062916,-0.2399134,-0.77045363,0,-155.89888,265.23096,-113.2671,1],[-0.49854848,-0.33164376,0.8009131,0,-0.3443388,-0.7721391,-0.5340712,0,0.7955377,-0.5420459,0.2707509,0,101.138916,-216.53156,73.481674,1],[-0.17275839,0.9798705,-0.10004177,0,0.5951293,0.18477562,0.7820991,0,0.7848411,0.075576395,-0.6150712,0,170.93399,234.65689,124.190735,1],[0.6371565,-0.7272266,0.2552902,0,0.7298948,0.46294296,-0.5029288,0,0.24755841,0.5067794,0.825766,0,-43.35623,274.47543,-39.03811,1],[-0.21825786,-0.9298439,0.2962329,0,0.6829785,-0.36236382,-0.63421834,0,0.6970681,0.06389755,0.7141521,0,-199.3118,57.007748,-179.46107,1],[0.083958395,0.8824381,0.46287578,0,-0.8804855,-0.15180485,0.44911087,0,0.46657932,-0.445262,0.76422864,0,-57.650715,-238.75644,-51.908913,1],[-0.59341425,-0.80243146,-0.06295466,0,-0.7802654,0.59269345,-0.19975083,0,0.19759916,-0.06941365,-0.9778222,0,177.74306,173.77206,160.0405,1],[-0.22870205,-0.97337186,0.015570655,0,-0.6979229,0.1527904,-0.69968474,0,0.6786744,-0.17088646,-0.71428204,0,174.20619,211.07056,156.85591,1],[-0.0012010307,-0.6990468,-0.7150749,0,-0.0007197584,0.71507585,-0.6990465,0,0.99999905,-0.0003248951,-0.0013619729,0,51.91391,328.65143,46.743473,1],[-0.32264084,0.84917754,0.41809148,0,0.29729307,-0.32844362,0.8965164,0,0.898621,0.41354847,-0.14648528,0,-35.85133,252.06914,-39.81691,1],[-0.35403466,-0.12711236,0.9265537,0,0.6706239,-0.72504103,0.15677714,0,0.6518612,0.6768736,0.34193423,0,-191.96231,165.63199,-213.19559,1],[0.0074446015,-0.9196021,0.3927805,0,0.9714282,-0.086528406,-0.2209977,0,0.23721665,0.38320333,0.89268327,0,-179.30327,-194.68753,-199.13632,1],[0.77105105,0.63355005,-0.06398873,0,-0.5875334,0.7465737,0.31214124,0,0.24552941,-0.20308132,0.9478783,0,-48.311436,-222.2096,-53.65525,1],[-0.07686552,0.70055217,0.70944935,0,-0.8366254,-0.43237936,0.33631244,0,0.54235566,-0.56769246,0.61933476,0,100.24462,-259.48404,111.33286,1],[-0.43113977,-0.81113577,0.3951926,0,-0.901924,0.37504092,-0.2141898,0,0.025523629,-0.44877943,-0.89327794,0,184.92485,29.047182,205.37973,1],[0.017701488,-0.042992264,0.99891853,0,-0.03014896,-0.99864376,-0.042446166,0,0.99938864,-0.029364996,-0.018973652,0,168.09106,111.845055,186.68393,1],[0.31678614,-0.7790849,0.54099286,0,0.30802512,-0.45495266,-0.83554685,0,0.8970881,0.43132907,0.09585502,0,171.09062,185.77016,190.01526,1],[-0.035548195,0.9891468,0.14256507,0,0.010556604,-0.14227563,0.98977077,0,0.9993122,0.03668957,-0.00538439,0,-30.493143,244.0668,-41.970177,1],[0.144835,0.33649227,0.93048155,0,-0.40207422,-0.83923835,0.36608103,0,0.9040792,-0.42714396,0.013743778,0,-70.369545,268.89496,-96.85529,1],[-0.4278438,0.9010553,-0.07105714,0,0.23889872,0.18855411,0.9525622,0,0.8717093,0.3905724,-0.29593268,0,-92.67265,273.08212,-127.55286,1],[-0.047648363,-0.37205344,0.9269875,0,0.08389901,-0.92625284,-0.36744604,0,0.9953344,0.060265135,0.07534935,0,-151.0801,54.633965,-207.94373,1],[-0.657103,-0.75313425,0.031693965,0,-0.45060465,0.35874727,-0.8174692,0,0.6042939,-0.5514429,-0.5750997,0,-153.604,27.466522,-211.4176,1],[0.2286249,-0.6295668,0.7425472,0,0.36025795,-0.65388656,-0.66531694,0,0.90440303,0.41961652,0.07731169,0,18.130444,-293.47382,24.954391,1],[0.1330976,-0.17943245,0.9747251,0,0.37107217,-0.90292126,-0.21688388,0,0.91901606,0.3905601,-0.05359427,0,60.46218,-316.58392,83.21898,1],[0.86984146,0.48898464,0.06534439,0,-0.4880796,0.8337233,0.25823215,0,0.071792416,-0.2565143,0.96387047,0,167.71156,-127.036125,230.83498,1],[0.75492096,-0.033640537,0.65495247,0,-0.65126914,-0.15584904,0.7426706,0,0.07708986,-0.9872079,-0.13956274,0,154.79108,85.5664,213.05145,1],[0.6215546,-0.020205766,0.78311026,0,0.4390436,-0.81892455,-0.36959875,0,0.64877623,0.57354534,-0.50013506,0,18.765005,303.74475,25.827791,1],[-0.005292279,0.8560176,0.5169197,0,0.0010493613,-0.5169219,0.85603195,0,0.99998546,0.005072796,0.0018374233,0,-126.37815,183.63818,-218.89333,1],[0.21978037,0.93233085,-0.2871513,0,-0.2330942,0.3360097,0.9125594,0,0.9472928,-0.13362932,0.29116923,0,-126.48059,146.04716,-219.07077,1],[-0.0007725093,0.9268715,0.3753782,0,-0.669909,-0.27917668,0.6879552,0,0.74244285,-0.25093776,0.6211352,0,-94.404655,208.98607,-212.03622,1],[-0.16435179,0.7704828,0.61590976,0,-0.32603383,-0.63173854,0.70328397,0,0.9309621,-0.08522142,0.3550308,0,-96.56406,137.06967,-216.88634,1],[0.33771363,-0.019654095,0.94104373,0,-0.5134672,-0.841764,0.16668808,0,0.78886056,-0.53948784,-0.29436687,0,-119.638405,-0.000012857359,-268.71213,1],[-0.10338491,0.9533396,0.28364635,0,0.3531981,-0.23140147,0.9064792,0,0.92981863,0.19389962,-0.3127943,0,-120.85237,-132.28932,-271.43875,1],[0.93006784,0.18112421,-0.3196369,0,-0.044721395,0.91937196,0.39083907,0,0.3646556,-0.34921226,0.8631785,0,-76.56938,-209.07599,-171.97755,1],[-0.45583925,-0.55233705,0.69795007,0,-0.040184304,-0.77058804,-0.6360655,0,0.88915455,-0.31799024,0.329069,0,115.233116,-205.83778,258.8177,1],[0.79246944,-0.48715442,0.36697775,0,-0.534194,-0.8447492,0.032179356,0,0.29432786,-0.22153847,-0.92967296,0,126.25845,-100.86098,283.581,1],[-0.41413406,0.6413282,0.6459033,0,0.76425385,-0.14042036,0.6294427,0,0.49437734,0.75430775,-0.43198475,0,133.4932,0.00000391381,299.8305,1],[-0.0146641135,0.026385985,0.99954426,0,0.100161955,-0.9945848,0.027724512,0,0.9948631,0.10052286,0.011941833,0,130.63156,68.26667,293.40317,1],[0.93038684,0.04379062,0.36395422,0,-0.054688454,-0.96514785,0.25592735,0,0.36247686,-0.25801554,-0.89556605,0,54.797787,302.5984,123.077774,1],[0.57572126,-0.040949762,0.81662,0,-0.42283708,-0.869738,0.25448886,0,0.69982415,-0.49181187,-0.51804173,0,12.98551,303.7558,29.16592,1],[0.23937315,-0.88296056,0.40383318,0,0.65296453,-0.16142175,-0.7399868,0,0.7185665,0.4408217,0.5379019,0,-22.301554,-222.11418,-68.637054,1],[-0.06112498,0.9942567,-0.08784893,0,0.08722564,0.0929977,0.9918383,0,0.9943115,0.052963413,-0.09240915,0,21.022799,-320.06122,64.70146,1],[0.7583766,-0.5437265,0.3594808,0,0.6191827,0.4286244,-0.65794677,0,0.20366083,0.7215557,0.66172475,0,81.65249,-237.9163,251.30026,1],[0.14482859,0.9730981,-0.17917791,0,-0.057302013,0.18903193,0.98029757,0,0.9877961,-0.13170786,0.08313771,0,101.51283,-34.526924,312.42407,1],[0.89485055,0.20565145,-0.396169,0,-0.15205684,0.974903,0.16261256,0,0.41966787,-0.085273735,0.9036632,0,105.19038,0.000004059264,323.74237,1],[0.4864236,0.59061295,0.6438699,0,-0.8668282,0.2338174,0.4403842,0,0.10954864,-0.77233785,0.6256943,0,106.05469,72.94931,326.40247,1],[-0.42064652,-0.11169903,0.9003221,0,-0.