(molecules:{"OUTER_13":[[0.16594727,0.41299695,0.89548594,0,-0.96765715,-0.10676615,0.22856212,0,0.19000304,-0.9044526,0.3819219,0,188.47345,169.70222,0,1],[-0.47419792,0.8014412,0.3644562,0,0.87969285,0.41450435,0.23308063,0,0.035731725,0.43113586,-0.9015792,0,302.75043,-31.820366,0,1],[-0.16497263,-0.3550908,0.92016006,0,-0.11061327,-0.92039645,-0.3750135,0,0.9800759,-0.16364887,0.11256247,0,170.42564,-234.57082,0,1],[-0.006303437,-0.16564535,0.9861652,0,0.24750797,-0.95575774,-0.15895577,0,0.96886533,0.2430818,0.047023103,0,-274.17746,-58.278282,0,1],[-0.325871,-0.9405651,0.0956319,0,-0.6664219,0.15677917,-0.72890484,0,0.67058927,-0.30126014,-0.67790294,0,-310.7099,0.0000037051784,0,1],[0.25452557,-0.89786834,-0.35923406,0,0.06074804,0.38557887,-0.9206729,0,0.96515614,0.21251203,0.1526834,0,-307.74014,65.41212,0,1],[0.5211975,-0.23437709,0.820622,0,0.83269703,-0.071032,-0.549154,0,0.18699954,0.9695472,0.1581434,0,-200.93723,145.98938,0,1],[-0.3878652,0.8685976,0.3083809,0,-0.8893082,-0.44059983,0.12248572,0,0.24226336,-0.22673772,0.94334435,0,155.9988,174.20854,16.396135,1],[0.047051556,-0.08817049,0.9949935,0,0.9968961,-0.058799915,-0.05235203,0,0.06312144,0.99436843,0.0851302,0,219.9783,160.70395,23.12065,1],[0.9756738,0.04622811,0.21429783,0,-0.14960335,-0.57413286,0.80497843,0,0.16024806,-0.81745607,-0.5532505,0,-166.20488,-230.02155,-17.468836,1],[-0.7277414,-0.03922255,0.6847292,0,0.6858368,-0.048192397,0.726158,0,0.0045169755,0.9980677,0.06197187,0,-272.686,-158.3025,-28.660456,1],[0.91305226,-0.32063466,-0.25204962,0,0.20826447,0.8979083,-0.38779727,0,0.3506587,0.30158618,0.88661397,0,-279.07678,-29.493687,-29.332153,1],[0.061853655,0.9870448,0.14804307,0,0.845741,-0.13059641,0.5173652,0,0.5299966,0.09320516,-0.84286207,0,-108.44882,335.6097,-11.398432,1],[0.1338813,0.17947271,0.9746103,0,0.58908594,-0.8052576,0.06736454,0,0.7969025,0.5651104,-0.21353379,0,-37.59718,359.68298,-3.9516227,1],[0.32784384,-0.58862686,-0.73894304,0,0.04881538,0.79168206,-0.60897994,0,0.94346994,0.16357854,0.28828213,0,294.17938,-0.000013146267,62.529762,1],[0.12080848,0.259176,0.95824486,0,0.8044276,-0.59116566,0.05847594,0,0.58163697,0.76377416,-0.27990615,0,299.65353,-136.39487,63.69333,1],[0.06521293,0.51614606,0.8540144,0,0.22717755,-0.84104145,0.4909581,0,0.97166747,0.16199608,-0.17210355,0,153.91103,-272.53726,32.714798,1],[-0.052190196,0.18294701,0.9817365,0,0.1665648,-0.96771073,0.18918806,0,0.98464835,0.1733965,0.020032478,0,134.43538,-308.69254,28.575123,1],[-0.25476766,-0.74035615,0.6220661,0,0.77036226,-0.54422355,-0.33220884,0,0.5844959,0.39458016,0.70899296,0,-267.31067,-198.5515,-56.81864,1],[-0.2673355,-0.20637463,0.9412445,0,-0.8566748,-0.39631885,-0.3302115,0,0.44118023,-0.8946177,-0.070845835,0,-252.59187,-54.889587,-53.69006,1],[0.31732094,0.45528704,0.831878,0,0.56199735,-0.7968607,0.22174743,0,0.7638497,0.39714813,-0.5087307,0,-265.55994,-28.534998,-56.44651,1],[-0.68615854,-0.71554446,0.13108253,0,-0.105497696,-0.08040878,-0.99116325,0,0.71976155,-0.69392407,-0.020315122,0,-110.037186,346.22556,-23.38913,1],[-0.98446715,-0.053705253,0.16715325,0,-0.078956835,-0.71492743,-0.69472635,0,0.15681289,-0.6971331,0.6995821,0,0,293.86667,0,1],[-0.5993665,-0.29175907,0.7454102,0,-0.05851462,-0.9127495,-0.40430716,0,0.79833317,-0.28594556,0.5299994,0,94.4263,305.56992,30.680965,1],[-0.36963612,0.5339315,0.7604514,0,0.27450576,-0.71913385,0.63835174,0,0.88770247,0.44470617,0.119250596,0,178.65591,169.14081,58.04882,1],[0.3021737,0.8842565,0.35606393,0,-0.5074459,-0.16698903,0.845348,0,0.80696326,-0.43612513,0.3982526,0,273.9483,-30.274899,89.0112,1],[0.10331754,-0.73445016,-0.6707521,0,0.018416315,0.675658,-0.7369852,0,0.9944779,0.063790716,0.08333318,0,-27.54504,-275.56052,-8.949926,1],[-0.4552996,-0.5654562,0.6877221,0,-0.421058,-0.5438404,-0.72591174,0,0.7844823,-0.62007815,0.009520463,0,-281.77734,0.0000035330827,-91.555016,1],[-0.19458169,0.025585473,0.98055255,0,-0.36933038,-0.9280014,-0.04907596,0,0.90869856,-0.37169713,0.19002157,0,-212.24277,247.85016,-68.96186,1],[-0.11613815,0.76161736,0.637535,0,-0.2515332,-0.64350736,0.72293097,0,0.9608553,-0.076401345,0.26630783,0,0,286.67032,0,1],[-0.6116684,-0.68226683,0.40046686,0,-0.23517086,-0.32651243,-0.9154694,0,0.75535184,-0.65414184,0.039268065,0,208.07056,165.47849,92.638985,1],[-0.26977497,0.43240547,0.8603761,0,-0.16436419,-0.90106976,0.40131998,0,0.9487918,-0.033148915,0.31415805,0,64.714905,-333.27277,28.812931,1],[-0.995632,-0.09096076,0.021050166,0,-0.040107943,0.2130965,-0.9762076,0,0.084310874,-0.9727878,-0.21581393,0,-233.36424,-54.297417,-103.90046,1],[-0.40545923,0.21550462,0.8883471,0,0.62109923,-0.64808756,0.44070196,0,0.6707,0.7304384,0.12892333,0,-270.627,0.0000035326045,-120.49091,1],[0.019279378,0.6081259,0.79360646,0,0.6205449,-0.6296445,0.46740973,0,0.7839339,0.4834571,-0.38950858,0,-226.41228,223.15541,-100.805244,1],[0.010553546,0.992587,0.12107766,0,-0.028699426,-0.12073386,0.99227005,0,0.9995324,-0.013946826,0.027212506,0,-188.916,284.6279,-84.110825,1],[0.518474,0.7323812,-0.4413643,0,-0.40686354,0.6652797,0.6259912,0,0.7520949,-0.14498511,0.64290947,0,-102.19929,344.30377,-45.502052,1],[0.87021846,-0.23881802,0.4309128,0,0.48852015,0.3050524,-0.8174907,0,0.06378053,0.92190504,0.38212964,0,120.41946,-240.83888,69.52421,1],[-0.09615685,0.9350153,0.34132108,0,-0.31387654,-0.35389802,0.8810435,0,0.9445821,-0.022414308,0.3275091,0,106.64703,-276.58914,61.572697,1],[-0.50450665,-0.80096376,0.32238185,0,0.8275903,-0.55503255,-0.08386372,0,0.24610424,0.2244903,0.9428874,0,-158.45973,-251.84157,-91.48678,1],[-0.86984354,-0.4725932,-0.14152026,0,-0.06769923,0.39850596,-0.91466385,0,0.48866054,-0.7860335,-0.37863204,0,-188.24887,-241.41504,-108.68554,1],[-0.05476019,0.811497,0.5817852,0,-0.30044863,-0.56904787,0.76545095,0,0.95222473,-0.13288032,0.27497432,0,-283.25482,145.62296,-163.53723,1],[0.7628198,-0.16150504,0.6261167,0,0.23008952,-0.8371284,-0.49626106,0,0.60428864,0.5226206,-0.6014175,0,-146.98473,293.9693,-84.86168,1],[-0.54008,0.4517438,0.71009934,0,-0.3784629,-0.88397396,0.2745102,0,0.7517176,-0.120488815,0.648385,0,-92.86994,330.04153,-53.618492,1],[0.48510313,0.8006116,0.3517043,0,-0.6570583,0.06832737,0.7507368,0,0.5770176,-0.595275,0.5591943,0,204.34668,-82.070274,148.46654,1],[-0.14448826,-0.4875482,0.86105746,0,-0.31716487,-0.80145764,-0.50702286,0,0.9372991,-0.34635603,-0.038831946,0,-0.000024365736,-344.50638,-0.000017702743,1],[-0.0045917737,0.9849281,-0.1729036,0,0.011087591,0.17294492,0.9848691,0,0.999928,0.0026052122,-0.011714603,0,-157.12291,-267.31354,-114.15647,1],[-0.18420103,0.5609015,0.80713046,0,0.95768946,-0.08233163,0.27577615,0,0.2211356,0.8237785,-0.5220039,0,-104.20631,289.3033,-75.71031,1],[0.21459012,-0.4678355,0.85736865,0,0.68953097,-0.54913557,-0.47222582,0,0.6917356,0.6925172,0.204748,0,102.75867,310.57172,92.52433,1],[-0.11579394,0.99065155,-0.07211998,0,0.7232657,0.13386044,0.6774718,0,0.6807925,0.02628522,-0.7320045,0,-104.11592,-314.6739,-93.74641,1],[0.6973393,0.16643184,0.6971501,0,-0.3135864,-0.8037859,0.5055608,0,0.64450085,-0.57116425,-0.5083208,0,-142.55048,213.03839,-128.35304,1],[0.004522854,0.71862036,0.69538784,0,0.027798148,-0.6952166,0.7182626,0,0.99960333,0.016081898,-0.023120679,0,195.60815,168.77783,217.24489,1],[-0.40247613,-0.18950076,-0.89560175,0,-0.06934523,0.98183966,-0.1765847,0,0.9128002,-0.008965422,-0.408308,0,170.79578,-82.935844,189.68797,1],[-0.9628321,0.25124756,-0.09914157,0,0.24555078,0.967121,0.06619456,0,0.112513125,0.039389953,-0.9928692,0,-141.74062,190.7309,-157.41893,1],[-0.15188105,-0.37491733,0.91453224,0,-0.6652527,-0.6455391,-0.3751241,0,0.7310068,-0.6653693,-0.15136959,0,32.043808,256.47845,44.104515,1],[0.020916078,-0.8991553,0.43712956,0,-0.19860062,-0.43224877,-0.87961286,0,0.97985727,-0.06841615,-0.18761374,0,143.46909,219.77434,197.46823,1],[0.013913731,0.972649,0.23186304,0,0.5405183,-0.20240131,0.8166234,0,0.8412172,0.11396394,-0.5285507,0,90.72214,-212.43867,124.86829,1],[0.26812696,0.38331112,0.88384414,0,-0.12676848,-0.895422,0.42678928,0,0.95500666,-0.22647731,-0.19149503,0,-54.536808,-285.55844,-75.06347,1],[-0.73883325,-0.46374953,-0.4889395,0,-0.14500631,0.8179595,-0.5567005,0,0.6581023,-0.34040955,-0.6715823,0,-105.16311,198.70432,-144.7446,1],[-0.4465549,-0.6661941,0.5973057,0,-0.69457555,-0.16273025,-0.7007736,0,0.564051,-0.7278078,-0.39005417,0,107.15979,238.02602,185.60623,1],[-0.2228298,-0.58319545,-0.78117216,0,-0.11031341,0.8112571,-0.5741889,0,0.9685958,-0.041772626,-0.24510655,0,140.37556,-29.508146,243.13762,1],[-0.0607617,-0.6380935,0.7675577,0,0.43503135,-0.7090299,-0.5549995,0,0.8983628,0.30018896,0.32067254,0,-124.56369,0.0000029708146,-215.75069,1],[0.89418304,-0.2753089,0.3530463,0,-0.39902532,-0.8476727,0.3496137,0,0.20301595,-0.4534931,-0.8678298,0,-60.811653,273.17056,-105.32887,1],[-0.48654908,-0.34793973,0.8013787,0,-0.8241953,-0.1214448,-0.5531304,0,0.28977934,-0.9296177,-0.22768144,0,-35.302128,332.1668,-61.145084,1],[-0.11202676,0.6618606,0.74120885,0,0.7909542,-0.39213642,0.46970254,0,0.60153264,0.63888144,-0.47957158,0,0,255.9274,0,1],[0.90369785,-0.306476,0.29900286,0,-0.31637222,-0.9485,-0.016011901,0,0.28851146,-0.08012626,-0.9541179,0,20.522076,237.37418,46.093346,1],[-0.8684126,0.49052078,0.0724494,0,0.49261853,0.83687276,0.23868613,0,0.05644958,0.24296795,-0.9683904,0,117.14421,30.271059,263.11026,1],[-0.14020842,0.83619815,0.53020203,0,-0.3039451,-0.5459861,0.7807154,0,0.94231576,-0.051689427,0.33071017,0,-100.070526,-221.52895,-224.76212,1],[-0.8573271,0.47674593,-0.19417426,0,0.45645773,0.8784365,0.14140627,0,0.23798461,0.032599073,-0.9707218,0,-96.11862,-50.230705,-215.88596,1],[0.020229967,0.4341425,0.90061706,0,0.7655479,-0.58611494,0.26534072,0,0.6430608,0.68409765,-0.34421396,0,-69.30467,234.52448,-155.66086,1],[-0.08726517,-0.8798117,0.467243,0,0.9447479,-0.22185844,-0.24130927,0,0.31596854,0.42036897,0.8505609,0,79.84603,83.95508,245.74083,1],[0.46701005,0.8316205,0.30051446,0,-0.7070406,0.14709556,0.69170547,0,0.5310321,-0.5355093,0.6566846,0,92.96594,-97.75017,286.11978,1],[-0.063391365,-0.45783204,0.8867758,0,-0.15702544,-0.8729195,-0.46190318,0,0.985558,-0.16852704,-0.01655572,0,78.69703,-185.0278,242.20459,1],[-0.82296497,-0.24165839,0.51413023,0,-0.49759147,-0.13003008,-0.85761,0,0.27410105,-0.96160984,-0.013236957,0,38.669426,-216.74344,119.01227,1],[-0.58989984,0.61324906,-0.5253036,0,0.042274587,0.67311245,0.73833084,0,0.80636907,0.41333425,-0.42299378,0,32.884804,-239.01762,101.209045,1],[0.14712292,-0.9225771,0.35666007,0,-0.41093826,-0.38500294,-0.8263792,0,0.89971364,-0.024985962,-0.43576497,0,-74.7014,-139.56793,-229.90729,1],[-0.20292227,-0.5786546,0.789925,0,-0.3029483,-0.73002857,-0.6126016,0,0.93115246,-0.3636169,-0.027163362,0,-31.10439,309.7871,-95.72948,1],[0.96345836,0.17373785,0.20387028,0,0.23653938,-0.9089857,-0.34321147,0,0.12568635,0.37889332,-0.9168657,0,11.805166,267.12756,55.53895,1],[0.46107516,0.067421466,0.884796,0,0.2783872,-0.95775974,-0.07208878,0,0.8425617,0.27955422,-0.4603685,0,18.540365,274.4501,87.225586,1],[0.082601845,0.15714008,0.98411584,0,-0.11824145,-0.97897,0.16624305,0,0.98954326,-0.13009526,-0.062284254,0,33.858425,282.06458,159.29138,1],[-0.17905225,-0.28328708,0.9421724,0,0.29932523,-0.9279365,-0.2221224,0,0.9372005,0.24224442,0.25094408,0,40.00295,264.82083,188.19913,1],[-0.07493382,0.43767148,0.89600706,0,0.12994406,-0.88658595,0.4439369,0,0.9886857,0.14969668,0.009562465,0,51.223366,-178.99886,240.98705,1],[-0.174554,-0.23839122,0.95535356,0,-0.5043271,-0.8116741,-0.29468492,0,0.84568614,-0.53324914,0.021453813,0,-57.885944,-59.17923,-272.33203,1],[0.39211047,0.5661006,0.7251065,0,-0.70999485,-0.3149717,0.6298413,0,0.5849416,-0.76178926,0.27842483,0,-62.525684,-31.608166,-294.16025,1],[-0.80203074,0.59499824,0.052190483,0,0.5069639,0.63194543,0.58620185,0,0.3158075,0.49661055,-0.8084822,0,-62.71954,174.16597,-295.0723,1],[-0.02189446,0.985328,0.16926111,0,0.2335848,-0.1595743,0.9591529,0,0.9720899,0.060536955,-0.22666386,0,-6.3807473,291.99252,-30.019064,1],[0.29467517,0.67899096,-0.67241186,0,-0.07084154,0.7172417,0.6932141,0,0.952968,-0.15663831,0.2594541,0,21.525646,149.61768,204.80295,1],[0.060264483,0.9085616,0.4133811,0,-0.27988157,-0.38214067,0.8807013,0,0.95814115,-0.16877277,0.23126017,0,28.436852,-57.825775,270.55865,1],[-0.39584982,0.6185809,0.67871976,0,0.030509112,-0.72982556,0.6829522,0,0.9178083,0.29105368,0.27002898,0,25.853989,-179.70253,245.9844,1],[0.48214245,0.071939856,0.87313414,0,-0.83587104,-0.26073653,0.48304865,0,0.26240844,-0.9627258,-0.06557971,0,-23.570448,203.03505,-224.25793,1],[0.3169372,0.028804451,0.948009,0,0.44994903,-0.8844663,-0.12355265,0,0.83492315,0.4657142,-0.29328078,0,-16.561499,218.07411,-157.57219,1],[0.04657529,0.8933027,0.4470358,0,-0.07064474,-0.44345525,0.8935081,0,0.9964136,-0.07319612,0.04245308,0,-0.0000013991596,304.5457,32.00904,1],[-0.26016885,-0.5587186,0.7874933,0,0.73643035,-0.6423028,-0.21240854,0,0.6244858,0.5246719,0.5785645,0,-0.0000086294895,219.25677,197.41971,1],[-0.33264425,-0.19332513,0.92302394,0,-0.34548664,-0.88573396,-0.31002313,0,0.8774889,-0.42201987,0.22784308,0,-0.000004139834,-291.48233,94.70836,1],[0.52559656,-0.12798367,0.841052,0,-0.8427464,-0.21348324,0.49416947,0,0.11630487,-0.96852726,-0.22006382,0,0.000011396125,-234.74704,-260.71295,1],[-0.04517974,-0.13075265,0.99038506,0,-0.3662256,-0.92020714,-0.13819422,0,0.92942864,-0.36894795,-0.0063102483,0,0.0000113731185,-115.84256,-260.1866,1],[0.39714813,0.30481488,-0.86565655,0,-0.12033219,0.95238525,0.28014743,0,0.9098316,-0.0070936712,0.41491705,0,0.000014265696,0.000003891817,-326.36108,1],[-0.45725727,0.8859533,-0.077475786,0,0.553524,0.351702,0.7549284,0,0.69607973,0.3023118,-0.6512148,0,0.000015074778,73.30446,-344.8707,1],[0.60859245,-0.025526196,0.7930723,0,0.7555563,-0.28666756,-0.58902997,0,0.24238381,0.95769,-0.15517725,0,0.000013767402,140.22989,-314.96146,1],[0.1502474,0.8117665,0.56432337,0,-0.18226925,-0.5382744,0.8228235,0,0.97170144,-0.2264859,0.067085735,0,-19.448872,206.6437,185.04358,1],[0.010629211,-0.6815035,0.7317377,0,0.9989642,-0.025141021,-0.037926015,0,0.044243343,0.73138285,0.68053037,0,-25.586323,108.98236,243.43752,1],[-0.6088052,0.51002467,0.60764384,0,0.11937453,-0.69833374,0.7057477,0,0.7842869,0.50220007,0.3642652,0,-28.8409,-28.999765,274.4027,1],[-0.8948956,0.3733307,-0.24451168,0,0.25784174,0.87972045,0.39951152,0,0.36425185,0.2944758,-0.8835183,0,-31.612402,-134.64983,300.7718,1],[-0.8796205,0.45615423,-0.13487469,0,0.42494553,0.88097245,0.208108,0,0.21375021,0.12574165,-0.9687621,0,-30.480324,-168.35431,290.0008,1],[-0.7199286,0.17043632,0.6727959,0,-0.42626554,-0.8735872,-0.23482573,0,0.547723,-0.4558474,0.7015715,0,-26.073008,-224.5918,248.068,1],[0.7211934,-0.48362327,0.49597245,0,0.57502276,0.018681526,-0.8179241,0,0.38630158,0.8750769,0.29156736,0,-3.2848675,-298.99417,31.253412,1],[-0.09417414,-0.9754046,0.19929151,0,-0.8820619,-0.011071883,-0.4710034,0,0.46162543,-0.2201438,-0.8593246,0,21.479568,-282.8329,-204.36435,1],[0.03538929,-0.6678573,0.74344754,0,0.020722423,-0.74326324,-0.6686781,0,0.99915874,0.039070077,-0.0124639375,0,29.77576,-29.939724,-283.2973,1],[0.5043816,-0.0580267,0.861529,0,-0.54383016,-0.7963395,0.26474908,0,0.67070705,-0.60206,-0.43321568,0,-51.294014,142.43845,241.31943,1],[-0.7932745,0.55793047,0.24378093,0,0.22194387,-0.107862175,0.9690752,0,0.56697124,0.8228483,-0.03826492,0,-57.72793,59.01761,271.58862,1],[0.26113454,-0.79120845,0.55298996,0,0.9492771,0.1065337,-0.2958438,0,0.17516205,0.60219574,0.77889574,0,-64.95408,-66.40519,305.58502,1],[0.18529817,-0.16574255,0.9686041,0,-0.5272,-0.8485831,-0.04434952,0,0.8292917,-0.5024302,-0.24462038,0,6.767159,-309.67596,-31.836992,1],[-0.3445431,0.7014832,0.6238681,0,0.89060193,0.034105837,0.45350307,0,0.29684722,0.7118695,-0.6364932,0,65.40831,66.86952,-307.72202,1],[0.16986826,-0.399255,0.9009662,0,-0.9148636,-0.40371212,-0.0064129084,0,0.3662914,-0.82317185,-0.43384176,0,0,279.57834,0,1],[0.6088272,-0.7930623,0.019537657,0,0.31830764,0.22165504,-0.92171,0,0.7266428,0.5673811,0.3873874,0,-62.07691,180.87775,191.05312,1],[0.43712112,-0.70514977,0.55829114,0,0.72892505,-0.08587539,-0.67918605,0,0.5268713,0.703839,0.47646338,0,-71.9981,169.27774,221.58743,1],[0.5230942,0.8256293,0.21144456,0,-0.6878668,0.2625072,0.6767047,0,0.5032015,-0.49942598,0.70523894,0,-90.03668,129.72397,277.10446,1],[0.22072431,-0.79258084,0.56841576,0,-0.63131195,-0.5603337,-0.53616357,0,0.74345547,-0.24050333,-0.62404495,0,-12.281769,287.2946,27.585308,1],[0.4771803,-0.26971126,0.836394,0,-0.21253979,-0.9589048,-0.18795882,0,0.85271674,-0.08807675,-0.51489484,0,74.14059,-202.44418,-166.52252,1],[0.85116374,-0.11473444,0.5122072,0,-0.49497983,-0.50019586,0.71049213,0,0.17468603,-0.85827744,-0.48253983,0,98.72106,218.54163,-221.73117,1],[0.24949023,-0.0727036,0.96564424,0,0.13468179,-0.98488116,-0.108949214,0,0.95896584,0.15723646,-0.23592637,0,-14.947366,284.42932,25.889591,1],[0.053114347,-0.9918649,-0.115684226,0,0.25952607,0.12557802,-0.9575367,0,0.9642744,0.02083586,0.26408482,0,-168.05035,109.20573,291.07172,1],[-0.7948727,-0.33558133,0.5055319,0,-0.0016869727,-0.8319185,-0.5548953,0,0.60677385,-0.44192392,0.6607032,0,-163.05103,-69.315094,282.4126,1],[0.42160672,-0.89099944,-0.16842759,0,0.19918966,0.27220756,-0.94139606,0,0.88463056,0.36334988,0.2922424,0,-165.27917,-147.17401,286.2719,1],[-0.5698314,0.82122254,0.029761352,0,0.054967474,0.0019554868,0.99848616,0,0.8199212,0.5706047,-0.04625483,0,-114.843704,-206.81148,198.91512,1],[0.15431364,-0.8283321,0.5385659,0,-0.33468586,-0.5566925,-0.760315,0,0.9296089,-0.06292342,-0.3631363,0,34.41153,-323.7868,-59.602505,1],[0.43125498,-0.90186495,-0.025664423,0,0.8853049,0.42847767,-0.18067083,0,0.17393732,0.055194356,0.9832087,0,78.334854,-215.6374,-135.67992,1],[-0.8794205,-0.33634704,-0.336883,0,-0.28046358,0.9378817,-0.20424986,0,0.38465527,-0.085138105,-0.91912556,0,94.27318,-169.76794,-163.28592,1],[0.7317698,-0.68025994,0.04194443,0,0.6502365,0.6783832,-0.3420362,0,0.20421915,0.27756557,0.93875015,0,110.08697,-127.117424,-190.67618,1],[-0.7117011,-0.6636806,0.23023817,0,-0.5429812,0.31177375,-0.7797234,0,0.4457051,-0.67994493,-0.58225584,0,141.45848,-29.735731,-245.01324,1],[0.9765024,0.20716742,0.059367813,0,-0.19199389,0.7111774,0.67628765,0,0.097883716,-0.6717948,0.7342414,0,144.37744,0.000003443367,-250.06903,1],[0.17558119,0.9301852,-0.32237664,0,-0.11212776,0.34422842,0.9321664,0,0.9780586,-0.12752351,0.16473962,0,143.10321,30.081474,-247.86201,1],[0.064440146,0.6854431,0.7252691,0,-0.9529693,-0.17340621,0.24855542,0,0.29613677,-0.7071761,0.6420319,0,125.416435,225.851,-217.22762,1],[-0.051738724,0.8060542,0.5895759,0,-0.10585071,-0.59146726,0.7993511,0,0.99303514,-0.021049622,0.115923174,0,53.28449,239.35791,-92.29143,1],[0.58707553,0.77005196,0.24972448,0,0.76974607,-0.6265171,0.12234144,0,0.2506659,0.12040075,-0.9605573,0,-157.12007,-194.21109,216.25726,1],[0.39019683,0.29141966,0.8733963,0,-0.8581371,-0.22867873,0.4596812,0,0.33368725,-0.92885983,0.16084829,0,0.000016841377,-327.7437,-0.000023180171,1],[0.7910388,-0.604578,-0.09350434,0,0.13045152,0.31602532,-0.9397395,0,0.5976956,0.7311726,0.32885638,0,163.48575,59.12012,-225.01886,1],[-0.6751038,0.6106409,-0.41394758,0,0.15547831,0.6662836,0.7293097,0,0.7211528,0.42799988,-0.54475194,0,79.62791,234.64268,-109.59841,1],[0.18749781,-0.7097375,0.6790561,0,0.35825947,-0.59428245,-0.7200545,0,0.91460085,0.37828693,0.1428435,0,-20.074123,285.4338,22.294569,1],[-0.5932725,0.7469183,0.30023456,0,-0.7149787,-0.6602887,0.22983551,0,0.36990985,-0.078306235,0.9257618,0,-198.62215,-171.37843,220.59222,1],[-0.0035047517,0.99999285,-0.0014268898,0,0.72058874,0.003514849,0.6933539,0,0.6933539,0.0014018323,-0.7205959,0,165.89806,180.13214,-184.24841,1],[-0.22324365,-0.72133225,0.65562344,0,0.9616935,-0.27275735,0.027368307,0,0.15908447,0.6366186,0.7545919,0,113.32554,233.10722,-125.86075,1],[0.872571,0.3355146,0.35503504,0,-0.23611552,-0.34657297,0.90781975,0,0.4276323,-0.8759664,-0.2231893,0,-47.914383,303.33176,43.142307,1],[0.33558953,-0.35953832,0.87069625,0,-0.305933,-0.9157932,-0.26024562,0,0.890946,-0.17903902,-0.41732523,0,-198.91893,-28.133455,179.10742,1],[0.5647618,-0.66420364,0.48977315,0,0.81812084,0.37275556,-0.43787175,0,0.10827033,0.6479868,0.75391686,0,98.51123,-297.73462,-88.69992,1],[-0.16034399,-0.17316842,-0.9717523,0,-0.002609039,0.98456126,-0.17502052,0,0.98705775,-0.02552815,-0.15832031,0,121.19188,-282.46243,-109.121666,1],[0.79989797,-0.52787036,-0.28551018,0,0.18498445,0.6694475,-0.7194587,0,0.570915,0.5226786,0.6331375,0,163.99713,-198.70114,-147.6637,1],[0.22005573,-0.69760734,0.68185,0,-0.8991026,-0.41619253,-0.13564025,0,0.37840453,-0.58320475,-0.71880615,0,164.07503,-127.47009,-147.73383,1],[-0.84198314,-0.20543689,-0.4988589,0,-0.008776589,0.9297556,-0.36807275,0,0.5394325,-0.30553275,-0.78464156,0,177.55504,106.37578,-159.87128,1],[-0.5354059,0.822046,-0.19385804,0,0.6635691,0.55141723,0.5055839,0,0.5225099,0.14205438,-0.84071636,0,63.58481,263.33218,-57.25202,1],[-0.92615145,0.002954375,0.37714022,0,0.37626782,-0.06118554,0.9244884,0,0.025806813,0.99812204,0.055555437,0,0,281.47833,0,1],[0.2858013,-0.93596494,0.20563892,0,0.5873757,0.0015454888,-0.80931294,0,0.7571707,0.35208994,0.5502047,0,-251.27876,179.32358,182.56467,1],[0.6358028,-0.7568447,0.15146266,0,0.67222637,0.44654042,-0.5905196,0,0.37929738,0.47727123,0.79268265,0,-205.42061,-53.97103,149.24678,1],[0.000062634994,0.77409345,0.6330714,0,-0.48131585,-0.5548936,0.6785485,0,0.8765472,-0.3047498,0.37254867,0,-220.72221,-157.51714,160.36406,1],[-0.093422554,-0.592919,0.7998245,0,0.07451919,-0.8052486,-0.5882359,0,0.99283385,0.0046477714,0.11941223,0,-178.55864,-198.72874,129.73041,1],[-0.3747886,-0.84585303,0.37956038,0,-0.070823655,-0.38208377,-0.9214098,0,0.92440116,-0.37221575,0.08329426,0,-101.93932,-283.00952,74.06324,1],[-0.029368125,0.5154348,0.8564254,0,0.016309312,-0.8564338,0.51599914,0,0.9994356,0.029121634,0.016745467,0,-81.57096,-310.3143,59.26476,1],[-0.08026934,-0.7767897,0.62462354,0,-0.8794683,-0.23974365,-0.41116726,0,0.46914002,-0.5823407,-0.66391784,0,26.851782,-315.78778,-19.508957,1],[-0.04315832,-0.9453211,-0.3232731,0,-0.041889098,0.32500225,-0.94478506,0,0.9981897,-0.027233718,-0.053625192,0,179.7435,161.41963,-130.59126,1],[-0.21557574,0.24140692,0.94617647,0,0.022074599,-0.96750706,0.25187865,0,0.9762376,0.07518538,0.20324208,0,24.69698,290.44583,-17.943403,1],[0.17657024,0.5579638,-0.8108634,0,-0.07902171,0.8291836,0.55336267,0,0.9811109,-0.03363157,0.1905004,0,-111.144714,288.25378,64.16944,1],[0.07266496,0.9510251,0.3004512,0,-0.50009525,-0.22589733,0.8359875,0,0.8629163,-0.21100122,0.45918837,0,-168.27768,267.44522,97.155174,1],[0.9017887,-0.00057150424,0.43217677,0,0.3476597,-0.5930769,-0.72621804,0,0.25672907,0.8051457,-0.5346313,0,-191.94283,246.15224,110.81826,1],[-0.4286482,-0.7441834,-0.51230043,0,-0.38709527,0.6636289,-0.64012027,0,0.81634426,-0.07607732,-0.5725332,0,204.5395,-171.59627,-118.09095,1],[-0.27252993,-0.09895763,0.95704484,0,0.7965664,-0.5811002,0.1667465,0,0.53963816,0.8077932,0.23719352,0,201.71753,-134.47833,-116.46169,1],[0.8966026,-0.16898477,0.40932623,0,-0.4427943,-0.35480896,0.8234342,0,0.0060847653,-0.91954046,-0.39294812,0,235.34741,120.993484,-135.8779,1],[-0.7600063,0.35299325,0.5456979,0,-0.649909,-0.41660503,-0.635656,0,0.0029582267,-0.8377566,0.54603595,0,216.73347,144.48895,-125.13116,1],[-0.40699804,0.8847902,0.2269338,0,0.55390745,0.041517317,0.83154243,0,0.7263189,0.46413648,-0.50698936,0,170.34451,177.10675,-98.348465,1],[-0.07188983,-0.9806092,-0.18231142,0,-0.13346681,0.19059822,-0.9725528,0,0.9884424,-0.045584135,-0.14458086,0,147.30832,188.9119,-85.04851,1],[0.72024715,0.6135822,0.32366794,0,0.63987166,-0.76782775,0.031698316,0,0.26797077,0.18427533,-0.94563967,0,-50.57429,260.45044,22.51712,1],[-0.9633661,0.10283528,0.24769062,0,0.0028794527,-0.9195456,0.39297286,0,0.2681743,0.37928993,0.8855629,0,-255.74474,161.6277,113.86487,1],[-0.40401122,0.09007236,0.9103087,0,-0.687587,-0.6862442,-0.23726152,0,0.60332334,-0.72177273,0.3391829,0,-286.65952,32.980423,127.62901,1],[-0.96416336,-0.09101969,0.24920778,0,-0.23083849,-0.1752093,-0.95708686,0,0.13077725,-0.98031485,0.14791954,0,-212.8633,-75.70884,94.772835,1],[-0.5368287,0.74263686,0.40038165,0,-0.84011066,-0.5141988,-0.17266662,0,0.07764714,-0.42905727,0.8999338,0,25.128721,-261.70987,-11.188025,1],[0.45543924,0.79643214,-0.39783287,0,-0.27447337,0.5507155,0.78827465,0,0.8468999,-0.24981664,0.4694168,0,-234.24847,-52.353394,76.11195,1],[-0.17918617,0.9829048,0.04231462,0,0.47628725,0.049033433,0.8779215,0,0.8608384,0.1774653,-0.47693112,0,100.048386,-236.27666,-32.507694,1],[0.0033274256,-0.8891161,0.45766968,0,-0.0114860125,-0.45767602,-0.8890448,0,0.9999285,-0.0022985693,-0.011735281,0,198.9049,188.31148,-64.628136,1],[0.24931546,0.43688184,0.8642778,0,-0.03380956,-0.88798887,0.45862043,0,0.96783197,-0.14356202,-0.20661858,0,135.71873,247.16896,-44.097702,1],[0.7563117,-0.5307435,0.38249692,0,0.43414077,-0.030204743,-0.90033853,0,0.48940206,0.8469941,0.2075732,0,-97.845795,224.67493,20.797756,1],[0.00902832,-0.92771983,-0.37316808,0,0.019251483,0.37327537,-0.9275208,0,0.9997739,0.0011899159,0.02123003,0,-230.96559,-105.12982,49.09323,1],[-0.5970658,0.54139924,0.5919453,0,0.5557995,-0.25290185,0.79191387,0,0.5784457,0.8018276,-0.14991036,0,-158.35489,-280.40622,33.65936,1],[0.58129966,0.8055585,-0.11474417,0,-0.6458968,0.54258347,0.537048,0,0.49488187,-0.2380729,0.83571124,0,79.21658,-249.25032,-16.838,1],[0.18808983,0.9571408,0.22023535,0,-0.5040295,-0.09839007,0.8580639,0,0.84295696,-0.2723982,0.46392107,0,263.38168,-57.234276,-55.983482,1],[0.9140656,0.36508787,0.17662093,0,0.3710016,-0.92863214,-0.00049542636,0,0.16383499,0.0659795,-0.98427886,0,-51.16599,242.04297,5.3777637,1],[0.18083231,0.88326305,-0.432604,0,-0.029194659,0.44448233,0.89531183,0,0.98308057,-0.14927158,0.10616332,0,-310.69144,32.834846,32.654995,1],[-0.004300118,-0.5423209,0.84016037,0,0.998371,-0.050128054,-0.027247626,0,0.056892566,0.83867466,0.54165304,0,-182.73718,-252.90164,19.206459,1],[-0.55439645,0.27630055,-0.7850494,0,0.11573021,0.959712,0.25604573,0,0.8241669,0.051096905,-0.5640372,0,28.374933,-271.45657,-2.9823263,1],[0.38623548,0.5607084,0.73241264,0,0.3805166,-0.82017195,0.42722958,0,0.8402555,0.11368393,-0.5301384,0,200.2172,-181.26942,-21.043682,1],[0.22865464,-0.90548676,0.35750642,0,0.3920419,-0.25049278,-0.88518727,0,0.8910781,0.34255967,0.29771242,0,292.9347,62.608097,-30.788685,1],[0.09674646,0.5094512,0.8550437,0,0.5911948,-0.72052044,0.3624072,0,0.8007052,0.47043574,-0.37089267,0,210.42505,190.51126,-22.116571,1],[-0.37483534,-0.91750157,0.13300148,0,-0.7008578,0.18652529,-0.68848145,0,0.60687464,-0.3512823,-0.7129544,0,134.73837,304.29443,-14.161578,1],[0.0009419713,0.8618053,0.5072384,0,-0.00193997,-0.50723606,0.86180496,0,0.9999977,-0.0017958228,0.0011940745,0,66.955765,316.73712,-7.0373363,1],[-0.6845836,-0.7097528,-0.16612089,0,-0.5235032,0.6372978,-0.565505,0,0.50723726,-0.30017063,-0.80784154,0,-290.32843,-94.333405,-0.000025381318,1],[-0.16178428,0.37834087,0.9114187,0,0.28504494,-0.86630094,0.41020975,0,0.944762,0.32616076,0.032309726,0,130.98541,-294.19818,0.000011451109,1],[-0.64037585,0.70590305,0.30268732,0,0.71934795,0.41310656,0.5584635,0,0.26917902,0.57536405,-0.7723334,0,-57.230392,270.7309,-6.0151453,1],[-0.4436035,-0.27843297,0.851875,0,-0.393839,-0.7932588,-0.46436125,0,0.8050508,-0.54149383,0.2422346,0,-294.0407,62.84454,-30.904865,1],[-0.11881263,0.52727914,0.8413443,0,-0.7702176,-0.5836922,0.25703764,0,0.62661666,-0.61747885,0.47546968,0,-276.01187,-0.00001213132,-29.009962,1],[0.9390744,-0.21664342,0.26684242,0,0.32508323,0.30768764,-0.894231,0,0.11162516,0.9264955,0.35936877,0,-290.3175,-168.53818,-30.513538,1],[0.62545985,-0.5646823,0.5384551,0,0.4337055,-0.32206067,-0.84153223,0,0.6486135,0.7598756,0.043469816,0,175.91591,196.45062,18.489471,1],[-0.88081247,0.45042235,0.14590776,0,-0.46924934,-0.8715166,-0.14235106,0,0.06304294,-0.19385172,0.97900313,0,-281.10895,93.37836,-59.751522,1],[-0.33462203,-0.5815835,0.7414774,0,0.43369067,-0.79359984,-0.42674547,0,0.83662444,0.1787734,0.51778334,0,-257.00955,27.616264,-54.62905,1],[0.14090313,0.948968,0.28214544,0,0.6840891,-0.29933423,0.6651475,0,0.71565944,0.099291265,-0.69135576,0,-63.121895,-303.59964,-13.416967,1],[0.7382453,-0.6091433,0.28972098,0,0.35875073,-0.009154156,-0.9333885,0,0.57121956,0.7930073,0.21177262,0,-62.840664,310.8564,-20.418154,1],[0.28740153,0.92631745,-0.24359053,0,-0.23626101,0.31502348,0.9192067,0,0.92821395,-0.20663047,0.30939093,0,-118.42945,279.68567,-38.480034,1],[0.11726163,-0.75690955,0.64291346,0,0.9907863,0.044989858,-0.12774342,0,0.06776563,0.65196925,0.7552112,0,-192.2072,181.97037,-62.45186,1],[-0.042064328,-0.97172743,0.23232812,0,0.34592462,-0.23231629,-0.90904635,0,0.9373189,0.04212959,0.34591666,0,-227.25238,-0.000010444717,-73.83872,1],[0.53417945,-0.6906594,0.4874852,0,0.21457753,-0.44699216,-0.86842066,0,0.817685,0.56849587,-0.09057403,0,88.88151,-287.62662,28.879333,1],[-0.5874219,-0.15320349,0.7946472,0,0.50517476,-0.83653295,0.21215826,0,0.6322452,0.5260621,0.5687923,0,116.96463,-276.2264,38.00408,1],[-0.007233844,0.7854414,0.6188939,0,-0.13047679,-0.61436033,0.7781628,0,0.991425,-0.07512218,0.106926054,0,242.7684,82.93961,78.88017,1],[-0.12507762,0.2582997,0.95793366,0,0.8658536,-0.44298953,0.23250356,0,0.48441017,0.85851127,-0.16824166,0,27.725138,277.3616,9.008436,1],[0.6281945,-0.09465948,0.7722767,0,0.25125247,-0.9147147,-0.31649518,0,0.73637205,0.39285696,-0.5508354,0,-170.31613,207.05612,-75.82956,1],[-0.17712823,-0.34762084,0.9207526,0,-0.6467576,-0.6640649,-0.37512994,0,0.74184245,-0.6619499,-0.10720181,0,-211.6891,-24.35503,-94.24997,1],[0.7146228,-0.67957234,0.16581863,0,0.107882515,-0.1271416,-0.9860002,0,0.6911409,0.7225071,-0.017544303,0,-254.01584,-123.798,-113.09504,1],[-0.486036,0.7928464,0.36764616,0,0.2520712,-0.2756188,0.9276284,0,0.83679694,0.5435338,-0.06589307,0,-151.12906,-286.5354,-67.28693,1],[-0.31179067,0.9500494,-0.013887674,0,0.388218,0.14072016,0.9107605,0,0.86722165,0.27857518,-0.41270146,0,-91.732666,-309.04214,-40.84198,1],[0.5986998,-0.64257175,0.4781842,0,0.3076101,-0.36676517,-0.87798595,0,0.73955023,0.67274433,-0.021920692,0,26.95037,-280.6819,11.999067,1],[0.09863042,0.907939,-0.4073312,0,-0.058067366,0.4138806,0.90847725,0,0.9934285,-0.06595085,0.09354285,0,203.53436,-200.60654,90.619255,1],[0.6413093,0.7554362,-0.13430738,0,-0.6952048,0.6461631,0.31490237,0,0.32467315,-0.108578704,0.93957335,0,308.87793,-109.858284,137.52118,1],[0.20042661,0.97796404,0.05844333,0,-0.97893476,0.19754079,0.051618867,0,0.03893645,-0.067558,0.99695534,0,297.46368,34.223427,132.43924,1],[-0.026523415,-0.19108921,0.9812142,0,-0.9562007,-0.28138304,-0.08064596,0,0.2915076,-0.9403768,-0.17525642,0,272.24994,63.344894,121.21337,1],[-0.30123216,-0.5795925,0.7571868,0,0.425884,-0.79224646,-0.43699938,0,0.85316,0.19083545,0.48548928,0,119.020226,292.6224,52.991165,1],[0.9320374,-0.22075805,-0.28735352,0,0.014297022,0.8147871,-0.5795839,0,0.36207977,0.53608555,0.7625683,0,-199.40387,-24.200443,-115.12583,1],[0.009604551,-0.9965876,-0.08198111,0,0.0398719,0.08230138,-0.99580956,0,0.9991586,0.006295561,0.04052631,0,-203.4273,-211.50278,-117.44876,1],[-0.4424451,0.4863529,0.75346076,0,-0.5405906,-0.815005,0.20863506,0,0.7155446,-0.31500426,0.6235128,0,-106.70353,-276.73563,-61.605278,1],[-0.28095692,0.9505705,-0.13220759,0,0.6186245,0.28469378,0.73229307,0,0.7337349,0.12395596,-0.66803294,0,68.42368,-243.16428,39.504414,1],[0.018031262,-0.55346996,0.83267385,0,0.36262652,-0.7724845,-0.5213153,0,0.9317601,0.3113496,0.18677403,0,302.84583,-74.33031,174.84802,1],[0.49521887,-0.8544296,0.15718827,0,0.0070791706,-0.17695764,-0.984193,0,0.86873937,0.48850372,-0.08158411,0,-218.76576,196.46385,-158.94252,1],[-0.3434305,-0.6401779,0.68718827,0,-0.01574796,-0.727663,-0.685754,0,0.9390461,-0.24633065,0.23982017,0,-157.99628,-216.89606,-114.79095,1],[0.4015982,0.78644687,0.4692763,0,0.52969384,-0.6174748,0.58150613,0,0.7470899,0.015040998,-0.66455275,0,269.07715,-70.69588,195.49585,1],[-0.6916945,-0.5194939,0.5016819,0,-0.51736754,-0.12822811,-0.8461019,0,0.50387454,-0.84479797,-0.18007459,0,253.21051,32.89605,183.96806,1],[0.10555175,-0.70698565,0.69930696,0,0.66824126,-0.4703565,-0.57638395,0,0.7364187,0.52814406,0.42279,0,-70.28719,291.08957,-63.28685,1],[-0.05178101,0.9984424,0.020772442,0,0.8631428,0.034282755,0.50379485,0,0.502298,0.044016592,-0.86357355,0,-122.27051,284.97635,-110.09282,1],[-0.0032019964,-0.44856066,0.8937467,0,-0.05845291,-0.89213914,-0.44796324,0,0.99828506,-0.053676475,-0.02336305,0,-191.83879,232.43433,-172.73235,1],[0.80308694,0.20085481,0.560989,0,-0.47622404,-0.3495102,0.80687875,0,0.35813686,-0.9151502,-0.18503518,0,-188.25194,-0.000011072878,-169.50275,1],[0.10389489,0.99371463,-0.04167795,0,-0.049622297,0.04703158,0.9976601,0,0.9933496,-0.10158363,0.05419674,0,175.19049,-136.10568,157.74217,1],[0.39222565,-0.55149496,0.73621494,0,-0.32261455,-0.8319829,-0.45135823,0,0.86144,-0.06047937,-0.50424534,0,239.96309,-33.93834,216.06364,1],[-0.30702555,0.41854942,0.8547231,0,0.15524805,-0.8640438,0.47888035,0,0.93895334,0.2797226,0.20030452,0,-33.508526,-235.59706,-37.214966,1],[0.7082031,0.5213896,0.4760266,0,0.68943614,-0.6559655,-0.30722484,0,0.15207319,0.5457675,-0.8240216,0,151.96089,252.22226,168.76956,1],[-0.08091691,0.38843045,0.91791844,0,-0.6152545,-0.7440085,0.26060164,0,0.7841647,-0.54366636,0.29918647,0,-156.75125,118.73402,-215.7494,1],[-0.4482099,-0.40284902,0.7980103,0,-0.12350675,-0.8562325,-0.50160927,0,0.8853553,-0.32338592,0.33401734,0,-132.32169,-202.69809,-182.12505,1],[0.97880304,-0.056096897,0.1969713,0,0.20367332,0.1657131,-0.9649126,0,0.021487879,0.98457724,0.17362593,0,136.36554,-208.89267,187.69089,1],[-0.16852629,0.029338136,0.9852604,0,0.7522916,-0.64203876,0.14779557,0,0.63691145,0.76611066,0.08612958,0,155.72707,56.314365,214.33972,1],[0.76085943,0.16505808,0.6275737,0,-0.54687315,-0.3575049,0.7570469,0,0.34931737,-0.9192095,-0.18174516,0,117.385735,274.875,161.56746,1],[-0.7899791,-0.07882112,0.60804623,0,0.53017133,-0.5859501,0.6128466,0,0.30797946,0.8065047,0.504677,0,64.11278,335.69873,88.24359,1],[-0.21023229,0.8095897,-0.54805744,0,0.005215036,0.5615064,0.82745606,0,0.9776375,0.17109983,-0.1222688,0,-124.50293,110.86452,-215.64537,1],[-0.8068319,-0.44902828,0.3839217,0,-0.41555265,-0.030566022,-0.9090554,0,0.41992655,-0.8929945,-0.16193323,0,-57.532173,-199.29724,-99.648636,1],[0.21715635,0.6057384,0.7654568,0,-0.90015996,-0.17904581,0.39705747,0,0.3775648,-0.7752572,0.5063805,0,-45.1372,-202.75961,-78.17989,1],[0.892873,-0.43418404,0.11942361,0,0.26278272,0.28702495,-0.92117417,0,0.3656816,0.853874,0.3703729,0,-52.641357,290.69025,-118.23436,1],[0.63256305,-0.70085746,-0.32964045,0,0.4855397,0.6904382,-0.53623354,0,0.6034196,0.17914796,0.77703977,0,-89.521866,244.44333,-201.0693,1],[-0.70405936,0.39888293,0.5875311,0,-0.47588617,-0.8791056,0.026565552,0,0.5270984,-0.26089418,0.8087654,0,-122.29097,-63.90801,-274.6699,1],[0.24245729,-0.5428647,0.8040599,0,-0.5595397,-0.7553032,-0.34122205,0,0.79254645,-0.36717167,-0.4868831,0,-38.01225,-209.90707,-85.37687,1],[0.05135695,0.9617041,0.26923525,0,0.23806125,-0.2736085,0.9319148,0,0.96989137,0.016234182,-0.24299619,0,44.000023,-332.93808,98.82564,1],[0.29826078,-0.86020124,0.41363567,0,0.24381028,-0.35032284,-0.9043398,0,0.92282015,0.37057772,0.10523833,0,123.21474,-134.87529,276.74472,1],[-0.9780052,0.18534675,0.095668346,0,0.15074517,0.31108838,0.9383496,0,0.14415874,0.9321323,-0.33218616,0,42.76731,323.61047,96.056915,1],[-0.1476941,-0.6356204,0.7577421,0,0.5456116,-0.6913793,-0.47360593,0,0.82492083,0.3434841,0.44891453,0,12.98551,303.7558,29.16592,1],[0.0005938956,-0.5713809,0.8206848,0,0.000546519,-0.8206847,-0.57138115,0,0.9999997,0.00078786066,-0.00017513047,0,-94.73315,-0.000013400278,-291.55835,1],[-0.6386046,0.21488255,0.7389247,0,-0.682114,-0.6025749,-0.41427535,0,0.3562369,-0.768589,0.5313815,0,-92.83373,-31.575006,-285.71255,1],[0.2610327,-0.57385105,0.7762454,0,0.31132913,-0.71111155,-0.6303924,0,0.9137484,0.4062208,-0.006966837,0,-85.32763,-159.42131,-262.61118,1],[-0.53121245,-0.8451052,-0.0600878,0,-0.41306597,0.320259,-0.85253185,0,0.7397228,-0.42805535,-0.51920974,0,101.51283,-34.526924,312.42407,1],[0.2686335,0.5893751,-0.7618878,0,-0.19325131,0.8078561,0.55679655,0,0.94365776,-0.0023384106,0.33091477,0,106.05469,72.94931,326.40247,1],[-0.2074655,0.6627912,0.71948993,0,0.29429317,-0.65913355,0.6920509,0,0.9329253,0.35531765,-0.05830744,0,32.17768,320.47638,99.03263,1],[-0.22323425,0.9183943,0.3266775,0,0.2542957,-0.2686602,0.92906153,0,0.9410102,0.29047108,-0.17356959,0,-55.511936,-154.1509,-261.1626,1],[-0.035827074,0.7835056,0.620351,0,-0.7761359,-0.41285676,0.47661555,0,0.62954706,-0.46440098,0.6228983,0,-15.623896,-231.27756,-73.5045,1],[0.15971088,-0.866962,-0.47209036,0,0.13147916,0.49264985,-0.86023796,0,0.9783689,0.07531931,0.19266896,0,14.116771,-319.43384,66.41405,1],[-0.5214849,0.8248168,0.21847358,0,0.53708684,0.11835015,0.83518326,0,0.6630168,0.5528747,-0.5047161,0,38.383198,-319.75845,180.57837,1],[0.20579223,0.6561035,0.72607017,0,0.39067727,-0.73534334,0.5537522,0,0.89722955,0.1697012,-0.40765268,0,44.305508,-293.3034,208.44061,1],[-0.45573926,-0.11495213,0.8826595,0,0.8284774,-0.41736183,0.37340906,0,0.3254642,0.9014406,0.28544343,0,14.671715,331.99112,69.02486,1],[0.6792254,0.37080944,0.6333666,0,-0.6907649,0.031398,0.72239745,0,0.24798533,-0.9281781,0.27746844,0,-16.567825,274.53098,-157.63226,1],[-0.543968,-0.30991986,0.77977467,0,-0.17209913,-0.8683301,-0.46517175,0,0.8212677,-0.3872371,0.41900685,0,-19.029127,202.18394,-181.04997,1],[0.4943418,0.76456386,0.413604,0,0.8689211,-0.4480574,-0.21028699,0,0.024540495,0.4633429,-0.8858392,0,-27.946632,-56.828888,-265.89435,1],[0.07695555,0.558097,0.8261995,0,-0.024805402,-0.82732856,0.5611703,0,0.9967259,-0.063679375,-0.0498237,0,-5.31511,-239.22314,-50.569878,1],[0.94004595,0.0080001205,0.34095386,0,-0.16074145,-0.87132835,0.46362606,0,0.30079183,-0.49063522,-0.8178027,0,24.711355,-212.8626,235.11275,1],[0.2572732,0.058995195,0.96453625,0,-0.79046476,-0.5612977,0.24517407,0,0.55585605,-0.8255086,-0.09777321,0,28.634651,-58.22804,272.4404,1],[0.4132781,-0.3316707,-0.8480541,0,0.11474069,0.94285303,-0.3128302,0,0.903347,0.03197955,0.42771664,0,30.636917,130.49489,291.49066,1],[0.025775028,0.76725817,0.64082015,0,0.13625859,-0.6377469,0.75809795,0,0.99033797,0.06777726,-0.12098347,0,3.693866,336.22144,35.144775,1],[0.16720329,-0.8851781,0.4341691,0,-0.94705385,-0.26662928,-0.17887923,0,0.27410215,-0.38127238,-0.8828926,0,-0.000042184784,149.49232,-258.92834,1],[-0.48401913,-0.53182113,0.6949042,0,0.44875678,-0.8326044,-0.32463422,0,0.75122756,0.15471381,0.64165473,0,-0.000053348238,106.39466,-327.4491,1],[-0.18756597,-0.5396784,0.8207108,0,-0.2123805,-0.79349315,-0.5703184,0,0.959017,-0.2812753,0.034215137,0,-0.00005651229,36.457485,-346.86993,1],[-0.13559607,-0.7564719,0.63981557,0,0.8285155,-0.44069982,-0.34546453,0,0.5433008,0.4832535,0.68650585,0,-0.000053536118,-0.000014363665,-328.60236,1],[-0.037755013,0.057352573,0.99763983,0,0.1694674,-0.983523,0.06295441,0,0.9848123,0.17144427,0.02741353,0,-0.000048602942,-31.354994,-298.32272,1],[-0.06358582,-0.51126903,0.8570652,0,0.14844608,-0.8540947,-0.49848384,0,0.98687416,0.09553147,0.1302042,0,-0.000043221044,-153.16461,-265.28885,1],[-0.6292145,0.7725159,-0.08548856,0,0.5817464,0.541041,0.60732675,0,0.5154224,0.33240616,-0.7898392,0,-0.000004348199,-253.92932,-26.689056,1],[0.15984803,0.5940494,-0.78838694,0,-0.024181996,0.8007731,0.59847945,0,0.9868454,-0.07660099,0.1423673,0,0.000011000377,-317.65564,67.51982,1],[-0.93818724,0.25075865,0.23858917,0,0.34545892,0.6355287,0.69047916,0,0.021513384,0.7302215,-0.6828717,0,0.000035927605,-160.21875,220.52206,1],[0.5